#include "ldd_87087.bin"
#include "ldd_2431.bin"
#include "ldd_98138.bin"
#include "ldd_14719.bin"
#include "ldd_3666.bin"
#include "ldd_3062.bin"
#include "ldd_3701.bin"
#include "ldd_47990.bin"
#include "ldd_3958.bin"
#include "ldd_63864.bin"
#include "ldd_3068.bin"
#include "ldd_3069.bin"
#include "ldd_3710.bin"
#include "ldd_3795.bin"
#include "ldd_6143.bin"
#include "ldd_3024.bin"
#include "ldd_3031.bin"
#include "ldd_4032.bin"
#include "ldd_22388.bin"
#include "ldd_3937.bin"
#include "ldd_3003.bin"
#include "ldd_3022.bin"
#include "ldd_75937.bin"
#include "ldd_3023.bin"
#include "ldd_3005.bin"
#include "ldd_14716.bin"
#include "ldd_3794.bin"
#include "ldd_3020.bin"
#include "ldd_3938.bin"
#include "ldd_6091.bin"
#include "ldd_11477.bin"
#include "ldd_11203.bin"
#include "ldd_63868.bin"
#include "ldd_91405.bin"
#include "ldd_60583.bin"
#include "ldd_90391.bin"

#declare ldd_model = union {
ldd_87087(array[1]{38},array[1]{0},array[1][12]{{0,0,1,0,0.99999982118606567,0,-1,0,0,-2.800004243850708,2.2400507926940918,-1.9999790191650391}})
ldd_87087(array[1]{38},array[1]{0},array[1][12]{{1,0,0,0,0.99999982118606567,0,0,0,1,-2.8000085353851318,0.96005165576934814,2.0000209808349609}})
ldd_87087(array[1]{38},array[1]{0},array[1][12]{{0,0,1,0,0.99999982118606567,0,-1,0,0,-2.8000080585479736,2.2400507926940918,0.40001487731933594}})
ldd_87087(array[1]{38},array[1]{0},array[1][12]{{0,0,1,0,0.99999982118606567,0,-1,0,0,-2.8000080585479736,2.2400507926940918,-0.39997291564941406}})
ldd_2431(array[2]{38,0},array[1]{0},array[1][12]{{0,0.99999982118606567,0,0,0,-1,-1,0,0,-2.800004243850708,1.120051383972168,-2.3999881744384766}})
ldd_87087(array[1]{38},array[1]{0},array[1][12]{{-1,0,0,0,0.99999982118606567,0,0,0,-1,-2.800004243850708,0.96005165576934814,-1.9999790191650391}})
ldd_2431(array[2]{192,0},array[1]{0},array[1][12]{{0,0.99999982118606567,0,-1,0,0,0,0,1,-3.2000100612640381,1.2000516653060913,2.0000209808349609}})
ldd_87087(array[1]{38},array[1]{0},array[1][12]{{0,0,1,0,0.99999982118606567,0,-1,0,0,-2.8000123500823975,2.2400507926940918,2.0000209808349609}})
ldd_98138(array[2]{41,0},array[1]{0},array[1][12]{{0,0,-1,-1,0,0,0,0.99999982118606567,0,-3.520005464553833,2.5000505447387695,-0.59998512268066406}})
ldd_98138(array[2]{41,0},array[1]{0},array[1][12]{{0,0,-1,-1,0,0,0,0.99999982118606567,0,-3.5200059413909912,2.5000505447387695,0.60001182556152344}})
ldd_14719(array[1]{38},array[1]{0},array[1][12]{{-1,0,0,0,0.99999982118606567,0,0,0,-1,1.1999952793121338,3.8400485515594482,2.0000059604644775}})
ldd_3666(array[1]{38},array[1]{0},array[1][12]{{0,0,-1,0,0.99999982118606567,0,1,0,0,-2.8000085353851318,1.9200478792190552,2.0000059604644775}})
ldd_3062(array[2]{38,0},array[1]{0},array[1][12]{{0,0,-1,0,0.99999982118606567,0,1,0,0,-2.8000085353851318,2.2400481700897217,1.2000184059143066}})
ldd_3701(array[1]{38},array[1]{0},array[1][12]{{0,0,1,0,0.99999982118606567,0,-1,0,0,-2.800004243850708,0.96004801988601685,-1.1999907493591309}})
ldd_47990(array[1]{329},array[1]{0},array[1][12]{{0,0,1,0,0.99999982118606567,0,-1,0,0,-3.600003719329834,0.9600488543510437,-0.39999520778656006}})
ldd_3958(array[1]{38},array[1]{0},array[1][12]{{0,0,-1,0,0.99999982118606567,0,1,0,0,1.1999952793121338,0.64004826545715332,2.0000061988830566}})
ldd_3062(array[2]{38,0},array[1]{0},array[1][12]{{0,0,-1,0,0.99999982118606567,0,1,0,0,-0.40000486373901367,0.96004778146743774,2.0000061988830566}})
ldd_87087(array[1]{38},array[1]{0},array[1][12]{{1,0,0,0,0.99999982118606567,0,0,0,1,-0.40000295639038086,1.9200478792190552,2.0000061988830566}})
ldd_14719(array[1]{194},array[1]{0},array[1][12]{{-1,0,0,0,0.99999982118606567,0,0,0,-1,1.9999796152114868,0.96002119779586792,-0.40000304579734802}})
ldd_3062(array[2]{38,0},array[1]{0},array[1][12]{{0,0,-1,0,0.99999982118606567,0,1,0,0,-0.40000265836715698,0.96004790067672729,-1.9999936819076538}})
ldd_63864(array[1]{194},array[1]{0},array[1][12]{{1,0,0,0,0.99999982118606567,0,0,0,1,-2.0000052452087402,0.96004790067672729,1.2000184059143066}})
ldd_63864(array[1]{194},array[1]{0},array[1][12]{{1,0,0,0,0.99999982118606567,0,0,0,1,-2.000004768371582,0.96004790067672729,-1.1999753713607788}})
ldd_87087(array[1]{38},array[1]{0},array[1][12]{{-1,0,0,0,0.99999982118606567,0,0,0,-1,-2.0000011920928955,1.9200479984283447,-1.9999936819076538}})
ldd_3062(array[2]{38,0},array[1]{0},array[1][12]{{0,0,-1,0,0.99999982118606567,0,1,0,0,-2.0000050067901611,0.96004801988601685,-2.0000011920928955}})
ldd_3068(array[2]{194,0},array[1]{0},array[1][12]{{0,0,-1,0,0.99999982118606567,0,1,0,0,0.39999434351921082,0.96004801988601685,0.40001541376113892}})
ldd_3068(array[2]{194,0},array[1]{0},array[1][12]{{0,0,-1,0,0.99999982118606567,0,1,0,0,-1.2000041007995605,0.96004825830459595,0.4000076949596405}})
ldd_14719(array[1]{38},array[1]{0},array[1][12]{{-1,0,0,0,0.99999982118606567,0,0,0,-1,-2.0000054836273193,3.8400487899780273,2.0000061988830566}})
ldd_3666(array[1]{38},array[1]{0},array[1][12]{{0,0,-1,0,0.99999982118606567,0,1,0,0,-2.8000085353851318,3.5200486183166504,2.0000064373016357}})
ldd_3069(array[2]{38,0},array[1]{0},array[1][12]{{0,0,-1,0,0.99999982118606567,0,1,0,0,-2.8000082969665527,3.8400487899780273,0.40024435520172119}})
ldd_3666(array[1]{38},array[1]{0},array[1][12]{{0,0,-1,0,0.99999982118606567,0,1,0,0,-2.8000085353851318,3.2000482082366943,2.0000064373016357}})
ldd_14719(array[1]{194},array[1]{0},array[1][12]{{0,0,-1,0,0.99999982118606567,0,1,0,0,1.1999839544296265,0.96002131700515747,1.2000031471252441}})
ldd_3062(array[2]{38,0},array[1]{0},array[1][12]{{0,0,-1,0,0.99999982118606567,0,1,0,0,-2.8000080585479736,2.2400481700897217,-1.1999754905700684}})
ldd_14719(array[1]{38},array[1]{0},array[1][12]{{0,0,-1,0,0.99999982118606567,0,1,0,0,-2.800004243850708,3.8400483131408691,-1.2000060081481934}})
ldd_87087(array[1]{38},array[1]{0},array[1][12]{{1,0,0,0,0.99999982118606567,0,0,0,1,-2.0000054836273193,1.9200479984283447,2.0000061988830566}})
ldd_3062(array[2]{38,0},array[1]{0},array[1][12]{{0,0,-1,0,0.99999982118606567,0,1,0,0,-2.0000073909759521,0.96004801988601685,1.9999988079071045}})
ldd_87087(array[1]{38},array[1]{0},array[1][12]{{-1,0,0,0,0.99999982118606567,0,0,0,-1,-0.40000265836715698,1.9200479984283447,-1.9999936819076538}})
ldd_3710(array[1]{38},array[1]{0},array[1][12]{{1,0,0,0,0.99999982118606567,0,0,0,1,-2.0000009536743164,2.8800482749938965,-1.9999940395355225}})
ldd_3062(array[2]{38,0},array[1]{0},array[1][12]{{0,0,-1,0,0.99999982118606567,0,1,0,0,-1.2000017166137695,1.9200479984283447,-1.9999939203262329}})
ldd_87087(array[1]{38},array[1]{0},array[1][12]{{-1,0,0,0,0.99999982118606567,0,0,0,-1,-1.2000018358230591,0.96004796028137207,-1.9999939203262329}})
ldd_3710(array[1]{38},array[1]{0},array[1][12]{{1,0,0,0,0.99999982118606567,0,0,0,1,-2.0000011920928955,3.520047664642334,-1.9999939203262329}})
ldd_3710(array[1]{38},array[1]{0},array[1][12]{{1,0,0,0,0.99999982118606567,0,0,0,1,-2.0000009536743164,3.2000479698181152,-1.9999936819076538}})
ldd_3062(array[2]{38,0},array[1]{0},array[1][12]{{0,0,-1,0,0.99999982118606567,0,1,0,0,0.39999651908874512,1.9200479984283447,-1.9999939203262329}})
ldd_87087(array[1]{38},array[1]{0},array[1][12]{{-1,0,0,0,0.99999982118606567,0,0,0,-1,0.39999651908874512,0.96004796028137207,-1.9999939203262329}})
ldd_3068(array[2]{38,0},array[1]{0},array[1][12]{{0,0,-1,0,0.99999982118606567,0,1,0,0,-0.40000325441360474,4.1600484848022461,2.0000214576721191}})
ldd_3795(array[1]{38},array[1]{0},array[1][12]{{0,0,-1,0,0.99999982118606567,0,1,0,0,-0.40000325441360474,3.8400475978851318,2.0000214576721191}})
ldd_3710(array[1]{38},array[1]{0},array[1][12]{{1,0,0,0,0.99999982118606567,0,0,0,1,-2.0000052452087402,3.5200481414794922,2.0000059604644775}})
ldd_3710(array[1]{38},array[1]{0},array[1][12]{{1,0,0,0,0.99999982118606567,0,0,0,1,-2.0000052452087402,3.2000484466552734,2.0000059604644775}})
ldd_3710(array[1]{38},array[1]{0},array[1][12]{{1,0,0,0,0.99999982118606567,0,0,0,1,-2.0000052452087402,2.8800485134124756,2.0000059604644775}})
ldd_3062(array[2]{38,0},array[1]{0},array[1][12]{{0,0,-1,0,0.99999982118606567,0,1,0,0,0.39999622106552124,1.9200483560562134,2.0000059604644775}})
ldd_87087(array[1]{38},array[1]{0},array[1][12]{{1,0,0,0,0.99999982118606567,0,0,0,1,0.39999622106552124,0.96004819869995117,2.0000059604644775}})
ldd_3062(array[2]{38,0},array[1]{0},array[1][12]{{0,0,-1,0,0.99999982118606567,0,1,0,0,-1.2000021934509277,1.9200483560562134,2.0000078678131104}})
ldd_87087(array[1]{38},array[1]{0},array[1][12]{{1,0,0,0,0.99999982118606567,0,0,0,1,-1.2000021934509277,0.96004819869995117,2.0000078678131104}})
ldd_6143(array[1]{38},array[1]{0},array[1][12]{{0,0,-1,0,0.99999982118606567,0,1,0,0,-0.40000280737876892,4.1600475311279297,0.40003058314323425}})
ldd_3024(array[1]{38},array[1]{0},array[1][12]{{1,0,0,0,0.99999982118606567,0,0,0,1,-2.0000014305114746,6.4000473022460938,1.1999878883361816}})
ldd_3024(array[1]{38},array[1]{0},array[1][12]{{1,0,0,0,0.99999982118606567,0,0,0,1,-2.0000014305114746,6.0800471305847168,1.1999881267547607}})
ldd_3031(array[1]{192},array[1]{0},array[1][12]{{0,0,-1,0,0.99999982118606567,0,1,0,0,0.39999634027481079,5.7600479125976563,1.2000185251235962}})
ldd_4032(array[1]{38},array[1]{0},array[1][12]{{0,0,-1,0,0.99999982118606567,0,1,0,0,-0.40000292658805847,5.4400477409362793,0.40001556277275085}})
ldd_4032(array[1]{38},array[1]{0},array[1][12]{{0,0,-1,0,0.99999982118606567,0,1,0,0,-0.40000292658805847,5.1200480461120605,0.40001532435417175}})
ldd_3024(array[1]{38},array[1]{0},array[1][12]{{1,0,0,0,0.99999982118606567,0,0,0,1,-2.0000011920928955,6.0800471305847168,-1.2000057697296143}})
ldd_3024(array[1]{38},array[1]{0},array[1][12]{{1,0,0,0,0.99999982118606567,0,0,0,1,-2.0000011920928955,6.4000473022460938,-1.2000057697296143}})
ldd_22388(array[1]{38},array[1]{0},array[1][12]{{0,0,-1,0,0.99999982118606567,0,1,0,0,-2.0000011920928955,6.7200479507446289,-1.2000061273574829}})
ldd_3937(array[1]{38},array[1]{0},array[1][12]{{1,0,0,0,0.99999982118606567,0,0,0,1,-1.2000060081481934,6.0800461769104004,1.2000182867050171}})
ldd_3003(array[3]{38,0,0},array[2]{0,0},array[1][12]{{0,0,-1,0,0.99999982118606567,0,1,0,0,-0.40000280737876892,6.0800480842590332,0.40000006556510925}})
ldd_22388(array[1]{38},array[1]{0},array[1][12]{{0,0,-1,0,0.99999982118606567,0,1,0,0,-2.0000014305114746,6.7200479507446289,1.2000031471252441}})
ldd_3937(array[1]{38},array[1]{0},array[1][12]{{-1,0,0,0,0.99999982118606567,0,0,0,-1,-0.39999878406524658,6.0800461769104004,-1.2000061273574829}})
ldd_22388(array[1]{38},array[1]{0},array[1][12]{{0,0,-1,0,0.99999982118606567,0,1,0,0,0.40000045299530029,6.7200479507446289,-1.2000061273574829}})
ldd_3024(array[1]{38},array[1]{0},array[1][12]{{1,0,0,0,0.99999982118606567,0,0,0,1,0.40000045299530029,6.400047779083252,-1.199960470199585}})
ldd_3024(array[1]{38},array[1]{0},array[1][12]{{1,0,0,0,0.99999982118606567,0,0,0,1,0.40000045299530029,6.080047607421875,-1.19999098777771}})
ldd_6143(array[1]{38},array[1]{0},array[1][12]{{0,0,-1,0,0.99999982118606567,0,1,0,0,-0.40000280737876892,7.0400476455688477,0.40000006556510925}})
ldd_4032(array[1]{38},array[1]{0},array[1][12]{{0,0,-1,0,0.99999982118606567,0,1,0,0,-0.40000280737876892,8.0000486373901367,0.40000006556510925}})
ldd_3937(array[1]{38},array[1]{0},array[1][12]{{0,0,-1,0,0.99999982118606567,0,1,0,0,0.40000024437904358,6.0800461769104004,0.4000152051448822}})
ldd_3022(array[1]{208},array[1]{0},array[1][12]{{0,0,-1,0,0.99999982118606567,0,1,0,0,-0.40000280737876892,8.9600486755371094,0.40000006556510925}})
ldd_4032(array[1]{208},array[1]{0},array[1][12]{{0,0,-1,0,0.99999982118606567,0,1,0,0,-0.40000280737876892,8.6400480270385742,0.40000006556510925}})
ldd_75937(array[1]{38},array[1]{0},array[1][12]{{0,0,-1,0,0.99999982118606567,0,1,0,0,-0.40000280737876892,8.3200483322143555,0.40000006556510925}})
ldd_3068(array[2]{208,0},array[1]{0},array[1][12]{{0,0,-1,0,0.99999982118606567,0,1,0,0,-0.40000280737876892,9.2800483703613281,0.40000006556510925}})
ldd_3937(array[1]{38},array[1]{0},array[1][12]{{0,0,1,0,0.99999982118606567,0,-1,0,0,-2.0000050067901611,6.0800461769104004,-0.39998781681060791}})
ldd_3024(array[1]{38},array[1]{0},array[1][12]{{1,0,0,0,0.99999982118606567,0,0,0,1,0.40000015497207642,6.4000473022460938,1.2000030279159546}})
ldd_22388(array[1]{38},array[1]{0},array[1][12]{{0,0,-1,0,0.99999982118606567,0,1,0,0,0.40000015497207642,6.7200479507446289,1.2000027894973755}})
ldd_3024(array[1]{38},array[1]{0},array[1][12]{{1,0,0,0,0.99999982118606567,0,0,0,1,0.40000015497207642,6.0800471305847168,1.2000027894973755}})
ldd_3068(array[2]{38,0},array[1]{0},array[1][12]{{0,0,-1,0,0.99999982118606567,0,1,0,0,-0.40000259876251221,4.1600480079650879,-1.1999756097793579}})
ldd_14719(array[1]{38},array[1]{0},array[1][12]{{0,0,-1,0,0.99999982118606567,0,1,0,0,0.39999455213546753,3.8400485515594482,-1.199975848197937}})
ldd_3023(array[1]{38},array[1]{0},array[1][12]{{0,0,-1,0,0.99999982118606567,0,1,0,0,1.9999833106994629,0.64001387357711792,0.39999979734420776}})
ldd_2431(array[2]{38,0},array[1]{0},array[1][12]{{0,0.99999982118606567,0,0,0,1,1,0,0,-1.2000024318695068,1.1200518608093262,2.4000148773193359}})
ldd_2431(array[2]{192,0},array[1]{0},array[1][12]{{0,0.99999982118606567,0,0,0,1,1,0,0,0.39999216794967651,1.1200518608093262,2.4000148773193359}})
ldd_2431(array[2]{192,0},array[1]{0},array[1][12]{{0,0.99999982118606567,0,0,0,1,1,0,0,-2.000009298324585,1.280051589012146,2.4000148773193359}})
ldd_2431(array[2]{38,0},array[1]{0},array[1][12]{{0,0.99999982118606567,0,0,0,1,1,0,0,1.1999914646148682,1.1200515031814575,2.4000148773193359}})
ldd_2431(array[2]{192,0},array[1]{0},array[1][12]{{0,0.99999982118606567,0,0,0,1,1,0,0,-0.40000325441360474,1.280051589012146,2.4000148773193359}})
ldd_87087(array[1]{38},array[1]{0},array[1][12]{{0,0,-1,0,0.99999982118606567,0,1,0,0,1.1999914646148682,2.8800504207611084,2.0000057220458984}})
ldd_3005(array[2]{38,0},array[1]{0},array[1][12]{{0,0,-1,0,0.99999982118606567,0,1,0,0,1.1999914646148682,1.9200502634048462,2.0000054836273193}})
ldd_87087(array[1]{38},array[1]{0},array[1][12]{{1,0,0,0,0.99999982118606567,0,0,0,1,1.1999914646148682,0.96005046367645264,2.0000054836273193}})
ldd_14716(array[1]{38},array[1]{0},array[1][12]{{0,0,-1,0,0.99999982118606567,0,1,0,0,0.39999240636825562,0.96005165576934814,1.2000179290771484}})
ldd_2431(array[2]{192,0},array[1]{0},array[1][12]{{0,0.99999982118606567,0,0,0,-1,-1,0,0,0.39999669790267944,1.120051383972168,-2.3999881744384766}})
ldd_2431(array[2]{192,0},array[1]{0},array[1][12]{{0,0.99999982118606567,0,0,0,-1,-1,0,0,-1.2000019550323486,1.1200518608093262,-2.3999881744384766}})
ldd_14716(array[1]{38},array[1]{0},array[1][12]{{0,0,-1,0,0.99999982118606567,0,1,0,0,0.39999645948410034,0.96005165576934814,-1.1999759674072266}})
ldd_2431(array[2]{38,0},array[1]{0},array[1][12]{{0,0.99999982118606567,0,1,0,0,0,0,-1,1.5999929904937744,1.0400515794754028,2.0000057220458984}})
ldd_2431(array[2]{192,0},array[1]{0},array[1][12]{{0,0.99999982118606567,0,0,0,-1,-1,0,0,-2.0000011920928955,1.280051589012146,-2.3999881744384766}})
ldd_2431(array[2]{38,0},array[1]{0},array[1][12]{{0,0.99999982118606567,0,0,0,1,1,0,0,-2.8000085353851318,1.1200518608093262,2.4000148773193359}})
ldd_2431(array[2]{38,0},array[1]{0},array[1][12]{{0,0.99999982118606567,0,-1,0,0,0,0,1,-3.2000057697296143,1.2000516653060913,-1.9999790191650391}})
ldd_3794(array[1]{192},array[1]{0},array[1][12]{{0,0.86602556705474854,-0.49999970197677612,0,0.49999967217445374,0.86602562665939331,1,0,0,-0.39999577403068542,4.2287254333496094,3.4235782623291016}})
ldd_3795(array[1]{192},array[1]{0},array[1][12]{{1,0,0,0,0.49999958276748657,0.86602568626403809,0,-0.86602550745010376,0.49999973177909851,-2.7999992370605469,4.068727970123291,3.1464078426361084}})
ldd_3794(array[1]{192},array[1]{0},array[1][12]{{0,0.86602544784545898,-0.49999982118606567,0,0.49999958276748657,0.86602568626403809,1,0,0,-1.9999979734420776,4.2287216186523437,3.4235455989837646}})
ldd_3794(array[1]{192},array[1]{0},array[1][12]{{0,0.86602544784545898,-0.49999967217445374,0,0.49999943375587463,0.86602574586868286,1,0,0,1.2000025510787964,4.2287249565124512,3.4235532283782959}})
ldd_3794(array[1]{192},array[1]{0},array[1][12]{{0,-0.86602544784545898,0.49999967217445374,0,0.49999979138374329,0.86602556705474854,-1,0,0,0.3999997079372406,4.921546459197998,3.0235517024993896}})
ldd_3794(array[1]{192},array[1]{0},array[1][12]{{0,-0.86602532863616943,0.49999988079071045,0,0.49999970197677612,0.86602574586868286,-1,0,0,-1.2000024318695068,4.9215431213378906,3.0235514640808105}})
ldd_3794(array[1]{192},array[1]{0},array[1][12]{{0,-0.86602544784545898,0.49999982118606567,0,0.49999973177909851,0.86602562665939331,-1,0,0,-2.8000011444091797,4.921544075012207,3.0235669612884521}})
ldd_3937(array[1]{329},array[1]{0},array[1][12]{{1,0,0,0,0.49999982118606567,0.86602580547332764,0,-0.86602544784545898,0.49999982118606567,-1.1999987363815308,5.7743630409240723,2.9006726741790771}})
ldd_3020(array[1]{192},array[1]{0},array[1][12]{{1,0,0,0,0.50000005960464478,0.86602532863616943,0,-0.86602532863616943,0.5,-2.0000016689300537,5.6143255233764648,2.6234796047210693}})
ldd_3023(array[1]{38},array[1]{0},array[1][12]{{-1,0,0,0,0.49999964237213135,0.86602562665939331,0,0.86602544784545898,-0.49999982118606567,-0.39999943971633911,5.4543571472167969,2.3464429378509521}})
ldd_3022(array[1]{38},array[1]{0},array[1][12]{{0,-0.86602544784545898,0.49999982118606567,0,0.49999964237213135,0.86602562665939331,-1,0,0,-1.199994683265686,5.2943539619445801,2.0693128108978271}})
ldd_3794(array[1]{192},array[1]{0},array[1][12]{{0,0.86602532863616943,-0.5,0,0.49999997019767761,0.86602544784545898,1,0,0,-1.9999979734420776,5.7743453979492188,2.9006421566009521}})
ldd_3794(array[1]{192},array[1]{0},array[1][12]{{0,0.86602532863616943,-0.5,0,0.49999985098838806,0.86602550745010376,1,0,0,0.3999958336353302,5.7743439674377441,2.9007010459899902}})
ldd_3069(array[2]{329,0},array[1]{0},array[1][12]{{-1,0,0,0,0.49999964237213135,0.86602562665939331,0,0.86602550745010376,-0.49999958276748657,-0.39978015422821045,6.6271696090698242,2.7778241634368896}})
ldd_3023(array[1]{329},array[1]{0},array[1][12]{{1,0,0,0,0.49999988079071045,0.86602550745010376,0,-0.86602532863616943,0.49999985098838806,-1.2000066041946411,6.4671621322631836,2.5006461143493652}})
ldd_3022(array[1]{38},array[1]{0},array[1][12]{{0,-0.86602532863616943,0.49999994039535522,0,0.50000011920928955,0.86602538824081421,-1,0,0,-1.2000138759613037,6.8399991989135742,1.5464473962783813}})
ldd_3023(array[1]{38},array[1]{0},array[1][12]{{-1,0,0,0,0.50000011920928955,0.86602538824081421,0,0.86602532863616943,-0.49999994039535522,-0.40001845359802246,7.0000042915344238,1.8235774040222168}})
ldd_3022(array[1]{192},array[1]{0},array[1][12]{{1,0,0,0,0.49999997019767761,0.86602556705474854,0,-0.86602538824081421,0.5,-1.2000061273574829,7.160003662109375,2.1007077693939209}})
ldd_3794(array[1]{192},array[1]{0},array[1][12]{{0,-0.86602538824081421,0.5,0,0.50000011920928955,0.86602550745010376,-1,0,0,-1.2000137567520142,8.0128250122070312,1.9778439998626709}})
ldd_3938(array[1]{38},array[1]{0},array[1][12]{{1,0,0,0,0.5000002384185791,0.86602556705474854,0,-0.86602532863616943,0.5,-1.2000060081481934,6.6400022506713867,1.2000576257705688}})
ldd_3794(array[1]{192},array[1]{0},array[1][12]{{0,0.86602532863616943,-0.49999988079071045,0,0.49999985098838806,0.86602550745010376,1,0,0,-0.40000709891319275,7.3200464248657227,2.3778433799743652}})
ldd_3069(array[2]{283,0},array[1]{0},array[1][12]{{0,0.86602550745010376,-0.49999949336051941,0,0.49999940395355225,0.86602568626403809,1,0,0,-0.39998811483383179,4.3192877769470215,3.7408199310302734}})
ldd_3069(array[2]{283,0},array[1]{0},array[1][12]{{0,0.86602544784545898,-0.49999961256980896,0,0.4999995231628418,0.86602562665939331,1,0,0,-1.9999904632568359,4.3192892074584961,3.7408046722412109}})
ldd_3069(array[2]{283,0},array[1]{0},array[1][12]{{0,0.86602544784545898,-0.49999961256980896,0,0.4999995231628418,0.86602562665939331,1,0,0,1.2000064849853516,4.3192892074584961,3.7408046722412109}})
ldd_3069(array[2]{283,0},array[1]{0},array[1][12]{{0,-0.86602550745010376,0.4999995231628418,0,0.49999943375587463,0.86602568626403809,-1,0,0,0.39999586343765259,5.0817723274230957,3.3005886077880859}})
ldd_3069(array[2]{283,0},array[1]{0},array[1][12]{{0,-0.86602550745010376,0.4999995231628418,0,0.49999943375587463,0.86602568626403809,-1,0,0,-1.1999988555908203,5.0817723274230957,3.3005886077880859}})
ldd_3069(array[2]{283,0},array[1]{0},array[1][12]{{0,-0.86602550745010376,0.4999995231628418,0,0.49999943375587463,0.86602568626403809,-1,0,0,-2.8000009059906006,5.0817723274230957,3.3005867004394531}})
ldd_3069(array[2]{283,0},array[1]{0},array[1][12]{{0,0.86602532863616943,-0.49999985098838806,0,0.4999997615814209,0.86602550745010376,1,0,0,-1.9999942779541016,5.8649096488952637,3.2178859710693359}})
ldd_3938(array[1]{329},array[1]{0},array[1][12]{{1,0,0,0,0.1038769856095314,0.994590163230896,0,-0.99458998441696167,0.1038770005106926,-1.1999988555908203,6.0543990135192871,3.3856563568115234}})
ldd_6091(array[1]{329},array[1]{0},array[1][12]{{-1,0,0,0,0.103876993060112,0.994590163230896,0,0.99458998441696167,-0.10387700796127319,-1.200002908706665,6.9581003189086914,4.3369350433349609}})
ldd_6091(array[1]{329},array[1]{0},array[1][12]{{-1,0,0,0,0.103876993060112,0.994590163230896,0,0.99458998441696167,-0.10387700796127319,-0.40000349283218384,6.9581022262573242,4.3369350433349609}})
ldd_11477(array[1]{329},array[1]{0},array[1][12]{{0,0.99459022283554077,-0.10387708991765976,0,0.10387707501649857,0.9945904016494751,1,0,0,-1.1999988555908203,6.9913368225097656,4.6552038192749023}})
ldd_11203(array[1]{329},array[1]{0},array[1][12]{{0,-0.99458998441696167,0.10387700796127319,0,0.103876993060112,0.994590163230896,-1,0,0,-1.200006365776062,7.7540435791015625,4.2564139366149902}})
ldd_11477(array[1]{329},array[1]{0},array[1][12]{{0,0.99459022283554077,-0.10387708991765976,0,0.10387708246707916,0.9945904016494751,1,0,0,-0.39999580383300781,6.991340160369873,4.6552033424377441}})
ldd_63864(array[1]{283},array[1]{0},array[1][12]{{0,-0.86602538824081421,0.49999970197677612,0,0.49999961256980896,0.86602556705474854,-1,0,0,-1.2000024318695068,8.1728582382202148,2.2549495697021484}})
ldd_63864(array[1]{283},array[1]{0},array[1][12]{{0,-0.86602532863616943,0.49999979138374329,0,0.49999970197677612,0.86602550745010376,-1,0,0,-0.39999943971633911,8.1728506088256836,2.2549343109130859}})
ldd_2431(array[2]{38,0},array[1]{0},array[1][12]{{0,0.99999982118606567,0,0,0,-1,-1,0,0,-0.40000265836715698,1.280051589012146,-2.3999881744384766}})
ldd_3069(array[2]{283,0},array[1]{0},array[1][12]{{0,0.86602556705474854,-0.49999961256980896,0,0.4999995231628418,0.86602574586868286,1,0,0,0.40000349283218384,5.8649253845214844,3.2179317474365234}})
ldd_2431(array[2]{38,0},array[1]{0},array[1][12]{{0,0.99999982118606567,0,1,0,0,0,0,-1,1.5999934673309326,1.0400515794754028,-1.9999790191650391}})
ldd_87087(array[1]{38},array[1]{0},array[1][12]{{0,0,-1,0,0.99999982118606567,0,1,0,0,1.199995756149292,2.8800504207611084,-1.9999790191650391}})
ldd_3005(array[2]{38,0},array[1]{0},array[1][12]{{0,0,-1,0,0.99999982118606567,0,1,0,0,1.199995756149292,1.9200502634048462,-1.9999792575836182}})
ldd_87087(array[1]{38},array[1]{0},array[1][12]{{-1,0,0,0,0.99999982118606567,0,0,0,-1,1.199995756149292,0.96005046367645264,-1.9999792575836182}})
ldd_3069(array[2]{283,0},array[1]{0},array[1][12]{{-0.4999995231628418,0.86602562665939331,0,0.86602580547332764,0.49999943375587463,0,0,0,-1,2.940781831741333,4.3192844390869141,1.2000179290771484}})
ldd_3069(array[2]{283,0},array[1]{0},array[1][12]{{0.49999940395355225,-0.86602556705474854,0,0.86602574586868286,0.49999931454658508,0,0,0,1,2.5005548000335693,5.0817713737487793,-1.1999759674072266}})
ldd_3069(array[2]{283,0},array[1]{0},array[1][12]{{-0.49999943375587463,0.86602568626403809,0,0.86602586507797241,0.49999934434890747,0,0,0,-1,2.9407861232757568,4.3192863464355469,-0.39998817443847656}})
ldd_3069(array[2]{283,0},array[1]{0},array[1][12]{{0.49999940395355225,-0.86602556705474854,0,0.86602574586868286,0.49999931454658508,0,0,0,1,2.5005543231964111,5.0817713737487793,2.0000209808349609}})
ldd_3069(array[2]{283,0},array[1]{0},array[1][12]{{-0.4999995231628418,0.86602562665939331,0,0.86602580547332764,0.49999943375587463,0,0,0,-1,2.9407823085784912,4.3192844390869141,-1.9999942779541016}})
ldd_3069(array[2]{283,0},array[1]{0},array[1][12]{{0.49999940395355225,-0.86602556705474854,0,0.86602574586868286,0.49999931454658508,0,0,0,1,2.5005545616149902,5.0817713737487793,0.40001487731933594}})
ldd_3069(array[2]{283,0},array[1]{0},array[1][12]{{0.49999949336051941,-0.86602550745010376,0,0.86602568626403809,0.49999940395355225,0,0,0,1,1.9776825904846191,6.627413272857666,0.40001487731933594}})
ldd_3023(array[1]{38},array[1]{0},array[1][12]{{0,0,1,0.86602604389190674,0.49999946355819702,0,-0.49999943375587463,0.86602586507797241,0,1.5464050769805908,5.4543986320495605,-0.39995765686035156}})
ldd_3020(array[1]{192},array[1]{0},array[1][12]{{0,0,-1,0.86602604389190674,0.49999946355819702,0,0.49999943375587463,-0.86602586507797241,0,1.823534369468689,5.6144018173217773,1.200025200843811}})
ldd_3794(array[1]{192},array[1]{0},array[1][12]{{-0.49999961256980896,0.86602592468261719,0,0.86602604389190674,0.49999946355819702,0,0,0,-1,2.1006648540496826,5.7744011878967285,0.40002220869064331}})
ldd_3794(array[1]{192},array[1]{0},array[1][12]{{-0.49999943375587463,0.86602586507797241,0,0.86602610349655151,0.49999934434890747,0,0,0,-1,2.1006629467010498,5.7743988037109375,-0.39997321367263794}})
ldd_3023(array[1]{38},array[1]{0},array[1][12]{{0,0,1,0.86602598428726196,0.49999955296516418,0,-0.49999964237213135,0.86602574586868286,0,1.0235347747802734,7.0000529289245605,-0.39995032548904419}})
ldd_3022(array[1]{38},array[1]{0},array[1][12]{{0.49999964237213135,-0.86602574586868286,0,0.86602598428726196,0.49999955296516418,0,0,0,1,0.74640429019927979,6.8400483131408691,0.40003722906112671}})
ldd_3938(array[1]{38},array[1]{0},array[1][12]{{0,0,-1,0.86602592468261719,0.49999967217445374,0,0.49999985098838806,-0.86602562665939331,0,0.40000319480895996,6.6400461196899414,0.40002980828285217}})
ldd_3794(array[1]{192},array[1]{0},array[1][12]{{-0.49999943375587463,0.86602586507797241,0,0.86602610349655151,0.49999934434890747,0,0,0,-1,2.1006627082824707,5.7743988037109375,1.2000253200531006}})
ldd_3794(array[1]{192},array[1]{0},array[1][12]{{-0.49999943375587463,0.86602586507797241,0,0.86602604389190674,0.49999946355819702,0,0,0,-1,2.1006672382354736,5.7744002342224121,-1.1999762058258057}})
ldd_3794(array[1]{192},array[1]{0},array[1][12]{{-0.49999955296516418,0.86602604389190674,0,0.86602616310119629,0.49999970197677612,0,0,0,-1,2.6235523223876953,4.2287607192993164,-0.39998084306716919}})
ldd_3795(array[1]{192},array[1]{0},array[1][12]{{0,0,-1,0.86602604389190674,0.49999973177909851,0,0.49999970197677612,-0.86602598428726196,0,2.3464229106903076,4.0687580108642578,2.0000123977661133}})
ldd_3794(array[1]{192},array[1]{0},array[1][12]{{0.49999967217445374,-0.86602586507797241,0,0.86602604389190674,0.49999970197677612,0,0,0,1,2.223543643951416,4.9215831756591797,2.0000123977661133}})
ldd_3794(array[1]{192},array[1]{0},array[1][12]{{0.49999955296516418,-0.86602604389190674,0,0.86602610349655151,0.49999961256980896,0,0,0,1,2.2235434055328369,4.9215826988220215,0.40000644326210022}})
ldd_3794(array[1]{192},array[1]{0},array[1][12]{{-0.4999997615814209,0.86602592468261719,0,0.86602622270584106,0.49999961256980896,0,0,0,-1,2.6235506534576416,4.228759765625,1.2000094652175903}})
ldd_3794(array[1]{192},array[1]{0},array[1][12]{{-0.49999967217445374,0.86602586507797241,0,0.86602616310119629,0.49999949336051941,0,0,0,-1,2.6235568523406982,4.228759765625,-1.9999874830245972}})
ldd_3794(array[1]{192},array[1]{0},array[1][12]{{0.49999967217445374,-0.86602586507797241,0,0.86602610349655151,0.49999958276748657,0,0,0,1,2.2235467433929443,4.9215846061706543,-1.1999691724777222}})
ldd_3022(array[1]{38},array[1]{0},array[1][12]{{0.49999958276748657,-0.86602604389190674,0,0.86602598428726196,0.49999958276748657,0,0,0,1,1.2692756652832031,5.2943954467773437,0.40001407265663147}})
ldd_3794(array[1]{192},array[1]{0},array[1][12]{{0.49999955296516418,-0.86602556705474854,0,0.86602586507797241,0.49999946355819702,0,0,0,1,1.1777920722961426,8.0128707885742187,0.40002983808517456}})
ldd_3022(array[1]{192},array[1]{0},array[1][12]{{0,0,-1,0.86602604389190674,0.49999973177909851,0,0.49999970197677612,-0.86602586507797241,0,1.3006573915481567,7.1600532531738281,0.40003719925880432}})
ldd_3794(array[1]{192},array[1]{0},array[1][12]{{-0.49999985098838806,0.86602562665939331,0,0.86602580547332764,0.49999988079071045,0,0,0,-1,1.577789306640625,7.3200521469116211,-0.39996558427810669}})
ldd_3069(array[2]{283,0},array[1]{0},array[1][12]{{-0.49999940395355225,0.86602556705474854,0,0.86602574586868286,0.49999931454658508,0,0,0,-1,2.417893648147583,5.8649210929870605,1.2000179290771484}})
ldd_3069(array[2]{283,0},array[1]{0},array[1][12]{{0.49999940395355225,-0.86602556705474854,0,0.86602574586868286,0.49999931454658508,0,0,0,1,1.9776828289031982,6.6274142265319824,-1.1999759674072266}})
ldd_3069(array[2]{283,0},array[1]{0},array[1][12]{{0.49999973177909851,-0.86602550745010376,0,0.86602568626403809,0.49999964237213135,0,0,0,1,1.4548096656799316,8.173060417175293,0.40003013610839844}})
ldd_3069(array[2]{283,0},array[1]{0},array[1][12]{{-0.49999940395355225,0.86602556705474854,0,0.86602574586868286,0.49999931454658508,0,0,0,-1,2.4178941249847412,5.8649210929870605,-0.39997291564941406}})
ldd_3069(array[2]{283,0},array[1]{0},array[1][12]{{-0.49999973177909851,0.86602550745010376,0,0.86602568626403809,0.49999964237213135,0,0,0,-1,1.8950183391571045,7.4105734825134277,-0.39995765686035156}})
ldd_3710(array[1]{38},array[1]{0},array[1][12]{{-0.52716273069381714,-0.6664813756942749,-0.52716398239135742,-0.47127288579940796,0.7455216646194458,-0.47127404808998108,0.70710760354995728,0,-0.70710599422454834,-2.7968475818634033,6.7825989723205566,-1.9967899322509766}})
ldd_63864(array[1]{38},array[1]{0},array[1][12]{{-0.52716237306594849,-0.66648185253143311,-0.52716350555419922,-0.47127315402030945,0.7455214262008667,-0.4712739884853363,0.70710766315460205,0,-0.70710581541061401,-3.3693690299987793,6.4880023002624512,-2.5693392753601074}})
ldd_63864(array[1]{38},array[1]{0},array[1][12]{{-0.52716255187988281,-0.66648155450820923,-0.52716410160064697,-0.47127324342727661,0.74552106857299805,-0.47127464413642883,0.70710766315460205,0,-0.70710593461990356,-2.104229211807251,8.0875520706176758,-1.3041439056396484}})
ldd_63868(array[1]{38},array[1]{0},array[1][12]{{-0.52716273069381714,-0.66648155450820923,-0.52716392278671265,-0.4712730348110199,0.74552148580551147,-0.47127419710159302,0.70710760354995728,0,-0.70710587501525879,-1.9533877372741699,7.8489704132080078,-1.1533302068710327}})
ldd_63868(array[1]{38},array[1]{0},array[1][12]{{-0.49286735057830811,-0.71705281734466553,0.49286594986915588,-0.50703376531600952,0.69701862335205078,0.50703233480453491,-0.70710575580596924,0,-0.70710784196853638,-1.9170854091644287,7.8205456733703613,1.1171016693115234}})
ldd_63864(array[1]{38},array[1]{0},array[1][12]{{-0.49286717176437378,-0.71705341339111328,0.49286523461341858,-0.50703376531600952,0.69701874256134033,0.50703203678131104,-0.70710521936416626,0,-0.70710837841033936,-2.0793085098266602,8.0435953140258789,1.2793639898300171}})
ldd_63864(array[1]{38},array[1]{0},array[1][12]{{0.49088704586029053,-0.71976274251937866,0.49088829755783081,0.50894832611083984,0.69422012567520142,0.50894975662231445,-0.70710784196853638,0,0.70710575580596924,1.656022310256958,6.3137855529785156,2.4560337066650391}})
ldd_3710(array[1]{38},array[1]{0},array[1][12]{{0.49088704586029053,-0.71976274251937866,0.49088829755783081,0.50894844532012939,0.69421976804733276,0.50894999504089355,-0.70710772275924683,0,0.70710575580596924,1.1004358530044556,6.6674494743347168,1.9004571437835693}})
ldd_63868(array[1]{38},array[1]{0},array[1][12]{{0.49088692665100098,-0.71976298093795776,0.49088820815086365,0.50894880294799805,0.69421970844268799,0.50894993543624878,-0.7071077823638916,0,0.70710581541061401,0.31500476598739624,7.8190608024597168,1.1150569915771484}})
ldd_63864(array[1]{38},array[1]{0},array[1][12]{{0.49088695645332336,-0.71976286172866821,0.4908883273601532,0.50894844532012939,0.69422000646591187,0.508949875831604,-0.70710772275924683,0,0.70710587501525879,0.47789764404296875,8.041224479675293,1.2779121398925781}})
ldd_63864(array[1]{38},array[1]{0},array[1][12]{{0.49626034498214722,-0.71235692501068115,-0.49625909328460693,0.50371319055557251,0.7018170952796936,-0.50371181964874268,0.70710581541061401,0,0.7071077823638916,1.6728076934814453,6.3380308151245117,-2.4728107452392578}})
ldd_3710(array[1]{38},array[1]{0},array[1][12]{{0.49626052379608154,-0.71235698461532593,-0.49625885486602783,0.50371319055557251,0.70181679725646973,-0.50371170043945313,0.70710575580596924,0,0.7071073055267334,1.1145882606506348,6.6833405494689941,-1.9146252870559692}})
ldd_63868(array[1]{38},array[1]{0},array[1][12]{{0.49626022577285767,-0.71235698461532593,-0.49625912308692932,0.50371330976486206,0.70181673765182495,-0.5037122368812561,0.70710593461990356,0,0.70710766315460205,0.32060879468917847,7.8231048583984375,-1.1205997467041016}})
ldd_63864(array[1]{38},array[1]{0},array[1][12]{{0.49626043438911438,-0.71235734224319458,-0.49625909328460693,0.50371336936950684,0.70181727409362793,-0.50371211767196655,0.70710599422454834,0,0.70710808038711548,0.48182028532028198,8.047703742980957,-1.2817975282669067}})
ldd_3794(array[1]{192},array[1]{0},array[1][12]{{0.49999955296516418,0.86602544784545898,0,-0.86602574586868286,0.49999937415122986,0,0,0,1,-3.7006709575653076,5.7744007110595703,-0.39995574951171875}})
ldd_3020(array[1]{192},array[1]{0},array[1][12]{{0,0,1,-0.86602574586868286,0.49999940395355225,0,-0.49999946355819702,-0.86602550745010376,0,-3.4235429763793945,5.6143946647644043,-1.1999679803848267}})
ldd_3794(array[1]{192},array[1]{0},array[1][12]{{-0.49999949336051941,-0.86602562665939331,0,-0.86602574586868286,0.49999940395355225,0,0,0,-1,-3.3006739616394043,6.4672174453735352,0.40003246068954468}})
ldd_3023(array[1]{38},array[1]{0},array[1][12]{{0,0,-1,-0.86602562665939331,0.49999946355819702,0,0.49999949336051941,0.86602562665939331,0,-3.1464147567749023,5.4544014930725098,0.4000324010848999}})
ldd_3022(array[1]{38},array[1]{0},array[1][12]{{-0.49999946355819702,-0.86602550745010376,0,-0.86602568626403809,0.4999995231628418,0,0,0,-1,-2.8692827224731445,5.2943968772888184,-0.39997252821922302}})
ldd_3794(array[1]{192},array[1]{0},array[1][12]{{-0.49999949336051941,-0.86602562665939331,0,-0.86602574586868286,0.49999940395355225,0,0,0,-1,-3.3006739616394043,6.4672174453735352,-1.1999584436416626}})
ldd_3794(array[1]{192},array[1]{0},array[1][12]{{0.49999955296516418,0.86602544784545898,0,-0.86602568626403809,0.49999934434890747,0,0,0,1,-3.7006745338439941,5.7744007110595703,1.2000507116317749}})
ldd_3022(array[1]{38},array[1]{0},array[1][12]{{-0.4999997615814209,-0.86602532863616943,0,-0.86602556705474854,0.49999973177909851,0,0,0,-1,-2.3464078903198242,6.8400454521179199,-0.39997252821922302}})
ldd_3023(array[1]{38},array[1]{0},array[1][12]{{0,0,-1,-0.86602556705474854,0.49999973177909851,0,0.49999979138374329,0.86602544784545898,0,-2.6235373020172119,7.0000491142272949,0.40003243088722229}})
ldd_3938(array[1]{38},array[1]{0},array[1][12]{{0,0,1,-0.86602550745010376,0.49999982118606567,0,-0.4999997615814209,-0.86602532863616943,0,-2.0000076293945313,6.6400465965270996,-0.39997252821922302}})
ldd_3794(array[1]{192},array[1]{0},array[1][12]{{-0.49999958276748657,-0.86602544784545898,0,-0.86602562665939331,0.49999961256980896,0,0,0,-1,-3.823549747467041,4.9215860366821289,1.2000488042831421}})
ldd_3795(array[1]{192},array[1]{0},array[1][12]{{0,0,1,-0.86602568626403809,0.4999995231628418,0,-0.49999958276748657,-0.86602544784545898,0,-3.9464375972747803,4.0687651634216309,-1.999940037727356}})
ldd_3794(array[1]{192},array[1]{0},array[1][12]{{-0.49999946355819702,-0.86602550745010376,0,-0.86602568626403809,0.4999995231628418,0,0,0,-1,-3.8235499858856201,4.9215831756591797,-1.9999629259109497}})
ldd_3794(array[1]{192},array[1]{0},array[1][12]{{-0.49999958276748657,-0.86602544784545898,0,-0.86602568626403809,0.4999995231628418,0,0,0,-1,-3.8235647678375244,4.9215836524963379,2.0000674724578857}})
ldd_3794(array[1]{192},array[1]{0},array[1][12]{{-0.49999958276748657,-0.86602544784545898,0,-0.86602568626403809,0.4999995231628418,0,0,0,-1,-3.8235433101654053,4.9215865135192871,-0.39995697140693665}})
ldd_3794(array[1]{192},array[1]{0},array[1][12]{{-0.49999958276748657,-0.86602544784545898,0,-0.86602568626403809,0.4999995231628418,0,0,0,-1,-3.8235642910003662,4.9215841293334961,-1.1999293565750122}})
ldd_3794(array[1]{192},array[1]{0},array[1][12]{{-0.49999958276748657,-0.86602544784545898,0,-0.86602568626403809,0.4999995231628418,0,0,0,-1,-3.8235640525817871,4.9215831756591797,0.40006139874458313}})
ldd_3794(array[1]{192},array[1]{0},array[1][12]{{-0.49999979138374329,-0.86602544784545898,0,-0.86602550745010376,0.49999967217445374,0,0,0,-1,-2.777787446975708,8.0128698348999023,0.4000476598739624}})
ldd_3022(array[1]{192},array[1]{0},array[1][12]{{0,0,1,-0.86602550745010376,0.49999964237213135,0,-0.49999973177909851,-0.86602532863616943,0,-2.9006597995758057,7.1600489616394043,-0.39995509386062622}})
ldd_3794(array[1]{192},array[1]{0},array[1][12]{{-0.4999997615814209,-0.86602532863616943,0,-0.86602556705474854,0.49999973177909851,0,0,0,-1,-2.7778017520904541,8.012873649597168,-0.39997252821922302}})
ldd_3069(array[2]{283,0},array[1]{0},array[1][12]{{-0.49999961256980896,-0.86602544784545898,0,-0.86602562665939331,0.4999995231628418,0,0,0,-1,-3.5776913166046143,6.6274166107177734,-0.39995765686035156}})
ldd_3069(array[2]{283,0},array[1]{0},array[1][12]{{0.49999940395355225,0.86602556705474854,0,-0.86602574586868286,0.49999931454658508,0,0,0,1,-4.0179042816162109,5.8649206161499023,0.40003013610839844}})
ldd_3069(array[2]{283,0},array[1]{0},array[1][12]{{0.49999940395355225,0.86602556705474854,0,-0.86602574586868286,0.49999931454658508,0,0,0,1,-4.0179038047790527,5.8649206161499023,-1.1999607086181641}})
ldd_3069(array[2]{283,0},array[1]{0},array[1][12]{{-0.49999961256980896,-0.86602544784545898,0,-0.86602562665939331,0.4999995231628418,0,0,0,-1,-3.5776956081390381,6.6274161338806152,1.2000484466552734}})
ldd_2431(array[2]{38,0},array[1]{0},array[1][12]{{0,0.99999982118606567,0,0,0,-1,-1,0,0,1.1999959945678711,1.120051383972168,-2.3999881744384766}})
ldd_3069(array[2]{283,0},array[1]{0},array[1][12]{{-0.4999995231628418,-0.86602550745010376,0,-0.86602568626403809,0.49999943375587463,0,0,0,-1,-4.1005649566650391,5.0817713737487793,1.2000331878662109}})
ldd_3069(array[2]{283,0},array[1]{0},array[1][12]{{0.49999949336051941,0.86602550745010376,0,-0.86602568626403809,0.49999940395355225,0,0,0,1,-4.5407924652099609,4.3192868232727051,0.40004539489746094}})
ldd_3069(array[2]{283,0},array[1]{0},array[1][12]{{-0.4999995231628418,-0.86602550745010376,0,-0.86602568626403809,0.49999943375587463,0,0,0,-1,-4.1005606651306152,5.0817713737487793,-1.9999637603759766}})
ldd_3069(array[2]{283,0},array[1]{0},array[1][12]{{0.4999995231628418,0.86602550745010376,0,-0.86602568626403809,0.49999943375587463,0,0,0,1,-4.5407962799072266,4.3192868232727051,2.0000667572021484}})
