#include "ldd_50746.bin"
#include "ldd_93609.bin"
#include "ldd_71342.bin"
#include "ldd_3068.bin"
#include "ldd_91405.bin"
#include "ldd_98138.bin"
#include "ldd_47990.bin"
#include "ldd_3701.bin"
#include "ldd_3710.bin"
#include "ldd_3010.bin"
#include "ldd_3023.bin"
#include "ldd_3069.bin"
#include "ldd_3065.bin"
#include "ldd_3666.bin"
#include "ldd_4274.bin"
#include "ldd_63864.bin"
#include "ldd_87620.bin"
#include "ldd_3024.bin"
#include "ldd_60476.bin"
#include "ldd_2555.bin"
#include "ldd_30374.bin"
#include "ldd_3794.bin"
#include "ldd_48336.bin"
#include "ldd_22385.bin"

#declare ldd_model = union {
ldd_50746(array[1]{38},array[1]{0},array[1][12]{{0,0,1,0,1,0,-1,0,0,-3.5999932289123535,0.64000034332275391,-0.39997100830078125}})
ldd_50746(array[1]{192},array[1]{0},array[1][12]{{0,0,-1,0,1,0,1,0,0,3.6000080108642578,0.64000034332275391,-0.39997100830078125}})
ldd_50746(array[1]{192},array[1]{0},array[1][12]{{-1,0,0,0,1,0,0,0,-1,3.600008487701416,0.64000034332275391,-2.7999706268310547}})
ldd_50746(array[1]{38},array[1]{0},array[1][12]{{0,0,-1,0,1,0,1,0,0,0.40000391006469727,0.63999682664871216,-2.7999508380889893}})
ldd_50746(array[1]{38},array[1]{0},array[1][12]{{1,0,0,0,1,0,0,0,1,-3.5999951362609863,0.64000034332275391,2.8000307083129883}})
ldd_50746(array[1]{192},array[1]{0},array[1][12]{{-1,0,0,0,1,0,0,0,-1,3.6000075340270996,0.64000034332275391,1.2000293731689453}})
ldd_50746(array[1]{192},array[1]{0},array[1][12]{{-1,0,0,0,1,0,0,0,-1,-3.5999932289123535,0.64000034332275391,-1.999969482421875}})
ldd_50746(array[1]{38},array[1]{0},array[1][12]{{0,0,1,0,1,0,-1,0,0,-3.5999941825866699,0.64000034332275391,0.40003108978271484}})
ldd_93609(array[1]{1},array[1]{0},array[1][12]{{-0.23587284982204437,0,-0.97178399562835693,0.97178399562835693,0,-0.23587289452552795,0,-1,0,3.081942081451416,0.83525228500366211,-4.4337253570556641}})
ldd_50746(array[1]{192},array[1]{0},array[1][12]{{1,0,0,0,1,0,0,0,1,-3.5999941825866699,0.64000034332275391,-1.1999721527099609}})
ldd_50746(array[1]{192},array[1]{0},array[1][12]{{1,0,0,0,1,0,0,0,1,-3.5999932289123535,0.64000034332275391,1.2000312805175781}})
ldd_93609(array[1]{1},array[1]{0},array[1][12]{{0.97178399562835693,0,-0.23587280511856079,0.23587284982204437,0,0.97178399562835693,0,-1,0,0.43372678756713867,0.83525210618972778,-4.1180572509765625}})
ldd_50746(array[1]{192},array[1]{0},array[1][12]{{1,0,0,0,1,0,0,0,1,3.6000075340270996,0.64000034332275391,2.0000286102294922}})
ldd_50746(array[1]{38},array[1]{0},array[1][12]{{0,0,-1,0,1,0,1,0,0,3.6000103950500488,0.64000034332275391,-1.9999713897705078}})
ldd_50746(array[1]{38},array[1]{0},array[1][12]{{-1,0,0,0,1,0,0,0,-1,-3.5999932289123535,0.64000034332275391,2.000030517578125}})
ldd_50746(array[1]{38},array[1]{0},array[1][12]{{-1,0,0,0,1,0,0,0,-1,3.6000080108642578,0.64000034332275391,0.40003013610839844}})
ldd_93609(array[1]{1},array[1]{0},array[1][12]{{0.54245275259017944,0,-0.84008634090423584,0.84008640050888062,0,0.54245275259017944,0,-1,0,-5.4866394996643066,0.83524835109710693,1.4814262390136719}})
ldd_50746(array[1]{38},array[1]{0},array[1][12]{{0,0,-1,0,1,0,1,0,0,3.6000075340270996,0.64000034332275391,2.8000297546386719}})
ldd_93609(array[1]{1},array[1]{0},array[1][12]{{-0.75602096319198608,0,0.65454751253128052,-0.65454757213592529,0,-0.75602084398269653,0,-1,0,4.6683659553527832,0.83525311946868896,3.6176118850708008}})
ldd_50746(array[1]{38},array[1]{0},array[1][12]{{0,0,1,0,1,0,-1,0,0,-3.5999913215637207,0.64000034332275391,-2.7999706268310547}})
ldd_71342(array[1]{310},array[1]{0},array[1][12]{{0,-1,0,-0.55174791812896729,0,-0.83401095867156982,0.83401095867156982,0,-0.55174791812896729,-4.5611376762390137,2.1986761093139648,1.5140142440795898}})
ldd_50746(array[1]{38},array[1]{0},array[1][12]{{1,0,0,0,1,0,0,0,1,3.6000080108642578,0.64000034332275391,-1.1999702453613281}})
ldd_50746(array[1]{192},array[1]{0},array[1][12]{{-1,0,0,0,1,0,0,0,-1,2.8000102043151855,0.6399998664855957,-2.7999649047851562}})
ldd_3068(array[2]{26,0},array[1]{0},array[1][12]{{1,0,0,0,1,0,0,0,1,-2.000002384185791,0.64000034332275391,-0.39997100830078125}})
ldd_3068(array[2]{37,0},array[1]{0},array[1][12]{{0,0,-1,0,1,0,1,0,0,2.8000121116638184,0.32000017166137695,6.0000457763671875}})
ldd_91405(array[1]{308},array[1]{0},array[1][12]{{0,0,-1,0,1,0,1,0,0,6.0000076293945312,0,6.000030517578125}})
ldd_3068(array[2]{37,0},array[1]{0},array[1][12]{{0,0,-1,0,1,0,1,0,0,1.2000088691711426,0.32000017166137695,4.4000310897827148}})
ldd_3068(array[2]{37,0},array[1]{0},array[1][12]{{0,0,-1,0,1,0,1,0,0,4.4000091552734375,0.32000017166137695,4.4000310897827148}})
ldd_3068(array[2]{28,0},array[1]{0},array[1][12]{{0,0,-1,0,1,0,1,0,0,4.4000091552734375,0.32000017166137695,-3.5999698638916016}})
ldd_3068(array[2]{37,0},array[1]{0},array[1][12]{{0,0,-1,0,1,0,1,0,0,-3.5999903678894043,0.32000017166137695,6.0000448226928711}})
ldd_3068(array[2]{28,0},array[1]{0},array[1][12]{{0,0,-1,0,1,0,1,0,0,6.0000076293945312,0.32000017166137695,-1.9999561309814453}})
ldd_3068(array[2]{37,0},array[1]{0},array[1][12]{{0,0,-1,0,1,0,1,0,0,1.2000093460083008,0.32000017166137695,-5.1999702453613281}})
ldd_3068(array[2]{28,0},array[1]{0},array[1][12]{{0,0,-1,0,1,0,1,0,0,-5.1999959945678711,0.32000017166137695,-3.5999317169189453}})
ldd_3068(array[2]{28,0},array[1]{0},array[1][12]{{0,0,-1,0,1,0,1,0,0,-0.39999246597290039,0.31999540328979492,-5.1999664306640625}})
ldd_3068(array[2]{28,0},array[1]{0},array[1][12]{{0,0,-1,0,1,0,1,0,0,4.4000101089477539,0.32000017166137695,6.0000457763671875}})
ldd_3068(array[2]{28,0},array[1]{0},array[1][12]{{0,0,-1,0,1,0,1,0,0,-1.9999918937683105,0.32000017166137695,6.0000457763671875}})
ldd_3068(array[2]{37,0},array[1]{0},array[1][12]{{0,0,-1,0,1,0,1,0,0,6.0000085830688477,0.32000017166137695,6.0000457763671875}})
ldd_3068(array[2]{28,0},array[1]{0},array[1][12]{{0,0,-1,0,1,0,1,0,0,-5.1999921798706055,0.31999540328979492,-0.39995002746582031}})
ldd_3068(array[2]{28,0},array[1]{0},array[1][12]{{0,0,-1,0,1,0,1,0,0,6.0000076293945312,0.32000017166137695,1.2000570297241211}})
ldd_3068(array[2]{28,0},array[1]{0},array[1][12]{{0,0,-1,0,1,0,1,0,0,2.8000121116638184,0.32000017166137695,-5.1999702453613281}})
ldd_3068(array[2]{37,0},array[1]{0},array[1][12]{{0,0,-1,0,1,0,1,0,0,4.4000091552734375,0.32000017166137695,-5.1999702453613281}})
ldd_3068(array[2]{37,0},array[1]{0},array[1][12]{{0,0,-1,0,1,0,1,0,0,-3.5999908447265625,0.32000017166137695,-3.5999698638916016}})
ldd_3068(array[2]{37,0},array[1]{0},array[1][12]{{0,0,-1,0,1,0,1,0,0,-0.3999946117401123,0.32000017166137695,6.0000457763671875}})
ldd_3068(array[2]{28,0},array[1]{0},array[1][12]{{0,0,-1,0,1,0,1,0,0,6.0000085830688477,0.32000017166137695,4.4000396728515625}})
ldd_3068(array[2]{37,0},array[1]{0},array[1][12]{{0,0,-1,0,1,0,1,0,0,-1.9999890327453613,0.32000017166137695,-5.1999702453613281}})
ldd_3068(array[2]{37,0},array[1]{0},array[1][12]{{0,0,-1,0,1,0,1,0,0,2.8000092506408691,0.32000017166137695,-3.5999698638916016}})
ldd_3068(array[2]{37,0},array[1]{0},array[1][12]{{0,0,-1,0,1,0,1,0,0,-5.1999855041503906,0.31999540328979492,1.2000570297241211}})
ldd_3068(array[2]{28,0},array[1]{0},array[1][12]{{0,0,-1,0,1,0,1,0,0,-3.5999913215637207,0.32000017166137695,4.4000310897827148}})
ldd_3068(array[2]{28,0},array[1]{0},array[1][12]{{0,0,-1,0,1,0,1,0,0,2.8000092506408691,0.32000017166137695,4.4000310897827148}})
ldd_3068(array[2]{28,0},array[1]{0},array[1][12]{{0,0,-1,0,1,0,1,0,0,-5.1999988555908203,0.32000017166137695,6.0000438690185547}})
ldd_3068(array[2]{28,0},array[1]{0},array[1][12]{{0,0,-1,0,1,0,1,0,0,1.2000055313110352,0.32000017166137695,6.0000457763671875}})
ldd_3068(array[2]{37,0},array[1]{0},array[1][12]{{0,0,-1,0,1,0,1,0,0,-1.9999909400939941,0.32000017166137695,4.4000310897827148}})
ldd_3068(array[2]{28,0},array[1]{0},array[1][12]{{0,0,-1,0,1,0,1,0,0,6.0000076293945312,0.32000017166137695,-5.1999702453613281}})
ldd_3068(array[2]{37,0},array[1]{0},array[1][12]{{0,0,-1,0,1,0,1,0,0,-5.1999940872192383,0.32000017166137695,-5.1999702453613281}})
ldd_3068(array[2]{28,0},array[1]{0},array[1][12]{{0,0,-1,0,1,0,1,0,0,1.2000088691711426,0.32000017166137695,-3.5999698638916016}})
ldd_3068(array[2]{37,0},array[1]{0},array[1][12]{{0,0,-1,0,1,0,1,0,0,-5.1999959945678711,0.32000017166137695,-1.9999561309814453}})
ldd_3068(array[2]{37,0},array[1]{0},array[1][12]{{0,0,-1,0,1,0,1,0,0,-5.1999893188476562,0.32000017166137695,4.4000396728515625}})
ldd_3068(array[2]{28,0},array[1]{0},array[1][12]{{0,0,-1,0,1,0,1,0,0,-1.9999909400939941,0.32000017166137695,-3.5999698638916016}})
ldd_3068(array[2]{37,0},array[1]{0},array[1][12]{{0,0,-1,0,1,0,1,0,0,6.0000076293945312,0.32000017166137695,2.8000335693359375}})
ldd_3068(array[2]{37,0},array[1]{0},array[1][12]{{0,0,-1,0,1,0,1,0,0,6.0000076293945312,0.32000017166137695,-0.39998054504394531}})
ldd_3068(array[2]{37,0},array[1]{0},array[1][12]{{0,0,-1,0,1,0,1,0,0,6.0000076293945312,0.32000017166137695,-3.5999317169189453}})
ldd_3068(array[2]{28,0},array[1]{0},array[1][12]{{0,0,-1,0,1,0,1,0,0,-3.5999884605407715,0.32000017166137695,-5.1999702453613281}})
ldd_3068(array[2]{28,0},array[1]{0},array[1][12]{{0,0,-1,0,1,0,1,0,0,-5.1999893188476562,0.32000017166137695,2.8000335693359375}})
ldd_3068(array[2]{28,0},array[1]{0},array[1][12]{{0,0,-1,0,1,0,1,0,0,-0.39999079704284668,0.32000017166137695,4.4000310897827148}})
ldd_3068(array[2]{37,0},array[1]{0},array[1][12]{{0,0,-1,0,1,0,1,0,0,-0.39999079704284668,0.32000017166137695,-3.5999698638916016}})
ldd_3068(array[2]{28,0},array[1]{0},array[1][12]{{0,0,-1,0,1,0,1,0,0,4.4000082015991211,0.32000017166137695,2.7999916076660156}})
ldd_3068(array[2]{37,0},array[1]{0},array[1][12]{{0,0,-1,0,1,0,1,0,0,2.8000080585479736,0.32000017166137695,2.8000297546386719}})
ldd_3068(array[2]{28,0},array[1]{0},array[1][12]{{0,0,-1,0,1,0,1,0,0,1.2000099420547485,0.32000017166137695,2.7999916076660156}})
ldd_3068(array[2]{37,0},array[1]{0},array[1][12]{{0,0,-1,0,1,0,1,0,0,-0.39999139308929443,0.32000017166137695,2.8000297546386719}})
ldd_3068(array[2]{28,0},array[1]{0},array[1][12]{{0,0,-1,0,1,0,1,0,0,-1.9999898672103882,0.32000017166137695,2.7999916076660156}})
ldd_3068(array[2]{37,0},array[1]{0},array[1][12]{{0,0,-1,0,1,0,1,0,0,4.4000082015991211,0.32000017166137695,1.1999893188476563}})
ldd_3068(array[2]{37,0},array[1]{0},array[1][12]{{0,0,-1,0,1,0,1,0,0,-3.5999913215637207,0.32000017166137695,2.8000297546386719}})
ldd_3068(array[2]{28,0},array[1]{0},array[1][12]{{0,0,-1,0,1,0,1,0,0,2.8000080585479736,0.32000017166137695,1.1999893188476563}})
ldd_3068(array[2]{37,0},array[1]{0},array[1][12]{{0,0,-1,0,1,0,1,0,0,1.2000099420547485,0.32000017166137695,1.1999893188476563}})
ldd_3068(array[2]{28,0},array[1]{0},array[1][12]{{0,0,-1,0,1,0,1,0,0,-0.39999145269393921,0.32000017166137695,1.1999893188476563}})
ldd_3068(array[2]{37,0},array[1]{0},array[1][12]{{0,0,-1,0,1,0,1,0,0,-1.9999899864196777,0.32000017166137695,1.1999893188476563}})
ldd_3068(array[2]{28,0},array[1]{0},array[1][12]{{0,0,-1,0,1,0,1,0,0,4.4000082015991211,0.32000017166137695,-0.4000091552734375}})
ldd_3068(array[2]{28,0},array[1]{0},array[1][12]{{0,0,-1,0,1,0,1,0,0,-3.5999913215637207,0.32000017166137695,1.1999893188476563}})
ldd_3068(array[2]{37,0},array[1]{0},array[1][12]{{0,0,-1,0,1,0,1,0,0,2.8000080585479736,0.32000017166137695,-0.39997100830078125}})
ldd_3068(array[2]{28,0},array[1]{0},array[1][12]{{0,0,-1,0,1,0,1,0,0,1.2000097036361694,0.32000017166137695,-0.4000091552734375}})
ldd_3068(array[2]{37,0},array[1]{0},array[1][12]{{0,0,-1,0,1,0,1,0,0,-0.39999178051948547,0.32000017166137695,-0.39997100830078125}})
ldd_3068(array[2]{28,0},array[1]{0},array[1][12]{{0,0,-1,0,1,0,1,0,0,-1.9999904632568359,0.32000017166137695,-0.4000089168548584}})
ldd_3068(array[2]{37,0},array[1]{0},array[1][12]{{0,0,-1,0,1,0,1,0,0,4.4000082015991211,0.32000017166137695,-2.0000114440917969}})
ldd_3068(array[2]{37,0},array[1]{0},array[1][12]{{0,0,-1,0,1,0,1,0,0,-3.5999908447265625,0.32000017166137695,-0.39997076988220215}})
ldd_3068(array[2]{28,0},array[1]{0},array[1][12]{{0,0,-1,0,1,0,1,0,0,2.8000085353851318,0.32000017166137695,-2.0000114440917969}})
ldd_3068(array[2]{37,0},array[1]{0},array[1][12]{{0,0,-1,0,1,0,1,0,0,1.2000092267990112,0.32000017166137695,-2.0000114440917969}})
ldd_3068(array[2]{28,0},array[1]{0},array[1][12]{{0,0,-1,0,1,0,1,0,0,-0.39999184012413025,0.32000017166137695,-2.0000112056732178}})
ldd_3068(array[2]{37,0},array[1]{0},array[1][12]{{0,0,-1,0,1,0,1,0,0,-1.9999905824661255,0.32000017166137695,-2.0000112056732178}})
ldd_3068(array[2]{28,0},array[1]{0},array[1][12]{{0,0,-1,0,1,0,1,0,0,-3.5999917984008789,0.32000017166137695,-2.0000112056732178}})
ldd_50746(array[1]{192},array[1]{0},array[1][12]{{0,0,-1,0,1,0,1,0,0,-1.1999917030334473,0.64000016450881958,-2.7999699115753174}})
ldd_50746(array[1]{38},array[1]{0},array[1][12]{{1,0,0,0,1,0,0,0,1,2.0000066757202148,0.64000082015991211,2.8000288009643555}})
ldd_50746(array[1]{192},array[1]{0},array[1][12]{{0,0,1,0,1,0,-1,0,0,1.2000079154968262,0.64000016450881958,-2.7999718189239502}})
ldd_3068(array[2]{26,0},array[1]{0},array[1][12]{{1,0,0,0,1,0,0,0,1,-0.40000206232070923,0.64000034332275391,-0.39997100830078125}})
ldd_3068(array[2]{26,0},array[1]{0},array[1][12]{{1,0,0,0,1,0,0,0,1,-2.000002384185791,0.64000034332275391,1.2000360488891602}})
ldd_50746(array[1]{38},array[1]{0},array[1][12]{{-1,0,0,0,1,0,0,0,-1,-1.9999929666519165,0.64000034332275391,-2.7999706268310547}})
ldd_50746(array[1]{192},array[1]{0},array[1][12]{{0,0,-1,0,1,0,1,0,0,-1.1999841928482056,0.6400030255317688,2.800013542175293}})
ldd_50746(array[1]{38},array[1]{0},array[1][12]{{-1,0,0,0,1,0,0,0,-1,-0.39999055862426758,0.64000016450881958,-2.7999699115753174}})
ldd_50746(array[1]{192},array[1]{0},array[1][12]{{0,0,-1,0,1,0,1,0,0,-2.7999916076660156,0.64000034332275391,-2.7999706268310547}})
ldd_50746(array[1]{192},array[1]{0},array[1][12]{{1,0,0,0,1,0,0,0,1,-0.39999094605445862,0.64000016450881958,2.8000307083129883}})
ldd_50746(array[1]{38},array[1]{0},array[1][12]{{1,0,0,0,1,0,0,0,1,-1.9999942779541016,0.64000082015991211,2.8000278472900391}})
ldd_50746(array[1]{192},array[1]{0},array[1][12]{{0,0,1,0,1,0,-1,0,0,1.2000082731246948,0.64000016450881958,2.8000307083129883}})
ldd_3068(array[2]{26,0},array[1]{0},array[1][12]{{1,0,0,0,1,0,0,0,1,-0.40000191330909729,0.64000034332275391,1.2000370025634766}})
ldd_50746(array[1]{38},array[1]{0},array[1][12]{{0,0,-1,0,1,0,1,0,0,0.40000927448272705,0.64000016450881958,2.8000307083129883}})
ldd_50746(array[1]{38},array[1]{0},array[1][12]{{0,0,-1,0,1,0,1,0,0,2.000007152557373,0.64000034332275391,-2.7999668121337891}})
ldd_3068(array[2]{26,0},array[1]{0},array[1][12]{{1,0,0,0,1,0,0,0,1,1.1999955177307129,0.64000034332275391,1.2000370025634766}})
ldd_3068(array[2]{26,0},array[1]{0},array[1][12]{{1,0,0,0,1,0,0,0,1,1.1999993324279785,0.64000034332275391,-0.39997100830078125}})
ldd_98138(array[2]{26,0},array[1]{0},array[1][12]{{0,-1,0,1,0,0,0,0,1,-2.0800013542175293,3.7800073623657227,0.60008811950683594}})
ldd_47990(array[1]{1},array[1]{0},array[1][12]{{0,0,-1,0,1,0,1,0,0,-2.000002384185791,2.2399985790252686,0.40007781982421875}})
ldd_3701(array[1]{208},array[1]{0},array[1][12]{{0,0,-1,0,1,0,1,0,0,-2.8000016212463379,2.2399985790252686,1.2000656127929687}})
ldd_3710(array[1]{208},array[1]{0},array[1][12]{{0,0,1,0,1,0,-1,0,0,-2.8000035285949707,3.1999986171722412,-1.1999588012695312}})
ldd_3010(array[3]{208,0,0},array[2]{0,0},array[1][12]{{0,0,-1,0,1,0,1,0,0,-2.7999997138977051,3.5199987888336182,1.2000656127929687}})
ldd_3710(array[1]{208},array[1]{0},array[1][12]{{0,0,1,0,1,0,-1,0,0,-2.7999987602233887,4.4800071716308594,-1.1999282836914063}})
ldd_3023(array[1]{208},array[1]{0},array[1][12]{{0,0,-1,0,1,0,1,0,0,-2.7999978065490723,4.8000068664550781,0.40004730224609375}})
ldd_3069(array[2]{208,0},array[1]{0},array[1][12]{{0,0,1,0,1,0,-1,0,0,-2.7999997138977051,5.1200065612792969,-0.40015411376953125}})
ldd_50746(array[1]{208},array[1]{0},array[1][12]{{1,0,0,0,1,0,0,0,1,-2.7999997138977051,4.8000068664550781,1.2000656127929687}})
ldd_50746(array[1]{208},array[1]{0},array[1][12]{{-1,0,0,0,1,0,0,0,-1,-2.8000006675720215,4.8000068664550781,-1.1999301910400391}})
ldd_3065(array[1]{199},array[1]{0},array[1][12]{{0,0,-1,0,1,0,1,0,0,-2.7999882698059082,1.2799985408782959,0.40001678466796875}})
ldd_3666(array[1]{199},array[1]{0},array[1][12]{{0,0,1,0,1,0,-1,0,0,-2.7999911308288574,0.95999908447265625,-2.0000076293945313}})
ldd_3666(array[1]{199},array[1]{0},array[1][12]{{0,0,1,0,1,0,-1,0,0,-2.7999863624572754,0.6399993896484375,-2.0000076293945313}})
ldd_4274(array[1]{208},array[1]{0},array[1][12]{{0,0,1,0,-1,0,1,0,0,-2.4000039100646973,2.8199996948242187,4.57763671875E-005}})
ldd_63864(array[1]{208},array[1]{0},array[1][12]{{0,0,1,-1,0,0,0,-1,0,-3.2000041007995605,2.8199996948242187,-0.79993629455566406}})
ldd_98138(array[2]{26,0},array[1]{0},array[1][12]{{0,-1,0,1,0,0,0,0,1,-2.0800013542175293,3.7800073623657227,-0.59992408752441406}})
ldd_87620(array[1]{199},array[1]{0},array[1][12]{{1,0,0,0,1,0,0,0,1,1.9999966621398926,1.2800002098083496,-1.9999160766601563}})
ldd_3024(array[1]{199},array[1]{0},array[1][12]{{0,0,1,0,1,0,-1,0,0,1.9999966621398926,0.96000027656555176,-1.9999160766601563}})
ldd_3666(array[1]{199},array[1]{0},array[1][12]{{1,0,0,0,1,0,0,0,1,-2.0000033378601074,0.64000028371810913,-1.9999161958694458}})
ldd_3024(array[1]{199},array[1]{0},array[1][12]{{0,0,1,0,1,0,-1,0,0,-2.0000007152557373,0.96000003814697266,-1.9999275207519531}})
ldd_87620(array[1]{199},array[1]{0},array[1][12]{{0,0,-1,0,1,0,1,0,0,-2.8000006675720215,1.2799999713897705,-1.1999261379241943}})
ldd_50746(array[1]{199},array[1]{0},array[1][12]{{-1,0,0,0,1,0,0,0,-1,-1.999991774559021,2.2400000095367432,-1.9999140501022339}})
ldd_3069(array[2]{199,0},array[1]{0},array[1][12]{{-1,0,0,0,1,0,0,0,-1,0.40021967887878418,1.9200003147125244,-1.9999163150787354}})
ldd_3065(array[1]{199},array[1]{0},array[1][12]{{-1,0,0,0,1,0,0,0,-1,0.39999663829803467,0.96000033617019653,-1.9999163150787354}})
ldd_60476(array[1]{199},array[1]{0},array[1][12]{{-1,0,0,0,1,0,0,0,-1,1.2000637054443359,0.95197373628616333,-2.0000705718994141}})
ldd_2555(array[1]{199},array[1]{0},array[1][12]{{0,0,-1,0,1,0,1,0,0,1.2000637054443359,1.9119737148284912,-2.0000700950622559}})
ldd_30374(array[1]{194},array[1]{0},array[1][12]{{0,0,1,0,1,0,-1,0,0,-1.5999364852905273,1.5119736194610596,-2.8000719547271729}})
ldd_60476(array[1]{199},array[1]{0},array[1][12]{{-1,0,0,0,1,0,0,0,-1,-1.2000045776367187,0.96000021696090698,-1.9999181032180786}})
ldd_2555(array[1]{199},array[1]{0},array[1][12]{{0,0,-1,0,1,0,1,0,0,-1.1999911069869995,1.919999361038208,-1.9999786615371704}})
ldd_3794(array[1]{192},array[1]{0},array[1][12]{{-1,0.00013361262972466648,0.00018233920854981989,-0.0002260528999613598,-0.59083336591720581,-0.8067936897277832,0,-0.8067936897277832,0.59083336591720581,-0.40000808238983154,3.082862377166748,-2.5309252738952637}})
ldd_48336(array[1]{192},array[1]{0},array[1][12]{{-1,0.00013375341950450093,0.00018223580264020711,-0.00022605278354603797,-0.59083306789398193,-0.8067939281463623,0,-0.80679398775100708,0.59083336591720581,-0.39992690086364746,3.2718658447265625,-2.2727522850036621}})
ldd_3069(array[2]{192,0},array[1]{0},array[1][12]{{0.0014174878597259521,0.80695635080337524,-0.59060937166213989,-0.00054174254182726145,-0.59060925245285034,-0.80695748329162598,-0.99999886751174927,0.0014638107968494296,-0.00040001890738494694,-0.79992473125457764,2.8934626579284668,-2.7890124320983887}})
ldd_3794(array[1]{192},array[1]{0},array[1][12]{{-0.99999487400054932,0.0030155000276863575,-0.0011427846038714051,-0.00085708621190860868,-0.59016221761703491,-0.80728435516357422,-0.0031087941024452448,-0.80727916955947876,0.59016168117523193,1.2016297578811646,3.7217650413513184,-3.0009875297546387}})
ldd_3710(array[1]{192},array[1]{0},array[1][12]{{0.99999475479125977,-0.0030154280830174685,0.0011427327990531921,-0.00085708481492474675,-0.59016227722167969,-0.80728441476821899,0.003108704462647438,0.80727893114089966,-0.59016221761703491,-1.1980856657028198,3.9178402423858643,-2.7454273700714111}})
ldd_3794(array[1]{192},array[1]{0},array[1][12]{{-0.99999475479125977,0.0030154986307024956,-0.0011427844874560833,-0.00085708528058603406,-0.59016227722167969,-0.80728423595428467,-0.0031087910756468773,-0.80727893114089966,0.59016185998916626,-0.39835995435714722,3.7265682220458984,-3.0028431415557861}})
ldd_3069(array[2]{192,0},array[1]{0},array[1][12]{{0.0015815637307241559,0.80760872364044189,-0.58971661329269409,-0.0006204635719768703,-0.58971643447875977,-0.8076101541519165,-0.99999856948852539,0.0016431845724582672,-0.00043158233165740967,0.79997259378433228,2.8874783515930176,-2.7878527641296387}})
ldd_3794(array[1]{192},array[1]{0},array[1][12]{{-0.99999994039535522,0.00022656891087535769,0.00031035227584652603,-0.00038425513776019216,-0.58949363231658936,-0.8077729344367981,0,-0.80777299404144287,0.58949369192123413,1.1999778747558594,3.0759744644165039,-2.5296130180358887}})
ldd_48336(array[1]{192},array[1]{0},array[1][12]{{-0.99999994039535522,0.00022656889632344246,0.00031035227584652603,-0.00038425513776019216,-0.58949363231658936,-0.8077729344367981,0,-0.80777299404144287,0.58949369192123413,1.2001036405563354,3.2646026611328125,-2.2711441516876221}})
ldd_3065(array[1]{199},array[1]{0},array[1][12]{{0,0,-1,0,1,0,1,0,0,2.8000006675720215,1.2800002098083496,0.40002250671386719}})
ldd_3666(array[1]{199},array[1]{0},array[1][12]{{0,0,1,0,1,0,-1,0,0,2.7999958992004395,0.96000027656555176,-1.9999713897705078}})
ldd_3666(array[1]{199},array[1]{0},array[1][12]{{0,0,1,0,1,0,-1,0,0,2.7999997138977051,0.64000034332275391,-1.999969482421875}})
ldd_22385(array[2]{199,0},array[1]{0},array[1][12]{{0,0,1,0,1,0,-1,0,0,2.0000081062316895,2.2400000095367432,0.40001869201660156}})
ldd_22385(array[2]{199,0},array[1]{0},array[1][12]{{0,0,-1,0,1,0,1,0,0,2.799994945526123,2.2400000095367432,-0.39997100830078125}})
ldd_50746(array[1]{199},array[1]{0},array[1][12]{{1,0,0,0,1,0,0,0,1,-2.0000042915344238,2.2400000095367432,2.0000553131103516}})
ldd_87620(array[1]{199},array[1]{0},array[1][12]{{-1,0,0,0,1,0,0,0,-1,-2.0000033378601074,1.2799999713897705,2.0000543594360352}})
ldd_3024(array[1]{199},array[1]{0},array[1][12]{{0,0,-1,0,1,0,1,0,0,-2.0000033378601074,0.96000003814697266,2.0000553131103516}})
ldd_87620(array[1]{199},array[1]{0},array[1][12]{{0,0,1,0,1,0,-1,0,0,2.7999997138977051,1.2800002098083496,1.2000360488891602}})
ldd_3024(array[1]{199},array[1]{0},array[1][12]{{0,0,-1,0,1,0,1,0,0,1.9999938011169434,0.96000003814697266,2.0000667572021484}})
ldd_3666(array[1]{199},array[1]{0},array[1][12]{{1,0,0,0,1,0,0,0,1,-2.0000033378601074,0.64000004529953003,2.0000553131103516}})
ldd_3069(array[2]{199,0},array[1]{0},array[1][12]{{-1,0,0,0,1,0,0,0,-1,0.40025889873504639,1.9280273914337158,2.000028133392334}})
ldd_3065(array[1]{199},array[1]{0},array[1][12]{{-1,0,0,0,1,0,0,0,-1,0.3999977707862854,0.95999997854232788,2.0000553131103516}})
ldd_3794(array[1]{192},array[1]{0},array[1][12]{{0.99999499320983887,0.0030155007261782885,0.0011428925208747387,0.00085699965711683035,-0.59016227722167969,0.80728429555892944,0.0031088574323803186,-0.80727910995483398,-0.59016168117523193,0.39840397238731384,3.7346017360687256,3.0028665065765381}})
ldd_3710(array[1]{192},array[1]{0},array[1][12]{{-0.99999493360519409,-0.003015430411323905,-0.0011428399011492729,0.0008570007630623877,-0.59016227722167969,0.80728423595428467,-0.0031087698880583048,0.80727934837341309,0.59016174077987671,1.1981285810470581,3.92588210105896,2.7454173564910889}})
ldd_3794(array[1]{192},array[1]{0},array[1][12]{{0.99999469518661499,0.0030155000276863575,0.0011428912403061986,0.00085700035560876131,-0.59016209840774536,0.80728411674499512,0.0031088569667190313,-0.80727905035018921,-0.59016144275665283,-1.2015858888626099,3.7297959327697754,3.0010020732879639}})
ldd_3069(array[2]{192,0},array[1]{0},array[1][12]{{-0.0014175513060763478,0.80695635080337524,0.59060937166213989,0.00054165592882782221,-0.59060925245285034,0.80695748329162598,0.99999886751174927,0.0014638107968494296,0.00040012618410401046,0.79996860027313232,2.9014906883239746,2.7890603542327881}})
ldd_3069(array[2]{192,0},array[1]{0},array[1][12]{{-0.0015816269442439079,0.80760872364044189,0.58971661329269409,0.00062037695897743106,-0.58971643447875977,0.8076101541519165,0.99999856948852539,0.0016431845724582672,0.00043168960837647319,-0.79993069171905518,2.8955063819885254,2.7879002094268799}})
ldd_3794(array[1]{192},array[1]{0},array[1][12]{{1,0.00013357095303945243,-0.00018226246174890548,0.00022596634516958147,-0.59083330631256104,0.80679363012313843,0,-0.80679363012313843,-0.59083330631256104,0.40005290508270264,3.0909042358398437,2.5309731960296631}})
ldd_48336(array[1]{192},array[1]{0},array[1][12]{{1,0.00013371203385759145,-0.00018215912859886885,0.00022596638882532716,-0.59083330631256104,0.80679363012313843,0,-0.80679363012313843,-0.59083330631256104,0.39997205138206482,3.2799124717712402,2.2727820873260498}})
ldd_3794(array[1]{192},array[1]{0},array[1][12]{{1,0.0002265273651573807,-0.00031027541263028979,0.000384168466553092,-0.58949369192123413,0.80777287483215332,0,-0.80777311325073242,-0.58949363231658936,-1.1999341249465942,3.0840210914611816,2.5296604633331299}})
ldd_48336(array[1]{192},array[1]{0},array[1][12]{{1,0.00022652742336504161,-0.00031027538352645934,0.00038416858296841383,-0.58949369192123413,0.80777287483215332,0,-0.8077731728553772,-0.58949357271194458,-1.2000610828399658,3.2726521492004395,2.2711870670318604}})
ldd_2555(array[1]{199},array[1]{0},array[1][12]{{0,0,1,0,1,0,-1,0,0,1.200036883354187,1.9280273914337158,2.0000290870666504}})
ldd_60476(array[1]{199},array[1]{0},array[1][12]{{1,0,0,0,1,0,0,0,1,1.2000479698181152,0.96802836656570435,1.9999645948410034}})
ldd_2555(array[1]{199},array[1]{0},array[1][12]{{0,0,1,0,1,0,-1,0,0,-1.2000190019607544,1.9200019836425781,2.0001180171966553}})
ldd_60476(array[1]{199},array[1]{0},array[1][12]{{1,0,0,0,1,0,0,0,1,-1.2000198364257812,0.96000200510025024,2.0001180171966553}})
ldd_30374(array[1]{194},array[1]{0},array[1][12]{{0,0,-1,0,1,0,1,0,0,1.5999802350997925,1.5200018882751465,2.8001194000244141}})
ldd_50746(array[1]{38},array[1]{0},array[1][12]{{0,0,1,0,1,0,-1,0,0,2.8000078201293945,0.64000034332275391,2.8000307083129883}})
ldd_50746(array[1]{192},array[1]{0},array[1][12]{{0,0,1,0,1,0,-1,0,0,-2.7999944686889648,0.64000082015991211,2.8000268936157227}})
}
