#include "ldd_2431.bin"
#include "ldd_63864.bin"
#include "ldd_2420.bin"
#include "ldd_3070.bin"
#include "ldd_2432.bin"
#include "ldd_3794.bin"
#include "ldd_3710.bin"
#include "ldd_93273.bin"
#include "ldd_14716.bin"
#include "ldd_3024.bin"
#include "ldd_3069.bin"
#include "ldd_87620.bin"
#include "ldd_3022.bin"
#include "ldd_4733.bin"
#include "ldd_3005.bin"
#include "ldd_3958.bin"
#include "ldd_3068.bin"
#include "ldd_14719.bin"
#include "ldd_11212.bin"
#include "ldd_87087.bin"
#include "ldd_3031.bin"
#include "ldd_3023.bin"
#include "ldd_2430.bin"
#include "ldd_2429.bin"
#include "ldd_3034.bin"
#include "ldd_98138.bin"
#include "ldd_50746.bin"
#include "ldd_3065.bin"
#include "ldd_85984.bin"
#include "ldd_3020.bin"
#include "ldd_3010.bin"
#include "ldd_6141.bin"
#include "ldd_25269.bin"
#include "ldd_3665.bin"
#include "ldd_30374.bin"
#include "ldd_3701.bin"
#include "ldd_87994.bin"
#include "ldd_71075.bin"
#include "ldd_25214.bin"
#include "ldd_3460.bin"
#include "ldd_91405.bin"

#declare ldd_model = union {
ldd_2431(array[2]{192,0},array[1]{0},array[1][12]{{0,0,1,0,1,0,-1,0,0,2.8000392913818359,0.63999617099761963,-0.39997482299804688}})
ldd_63864(array[1]{192},array[1]{0},array[1][12]{{0,0,1,0,1,0,-1,0,0,3.6000385284423828,0.63999617099761963,0.4000244140625}})
ldd_2420(array[1]{26},array[1]{0},array[1][12]{{0,-1,0,0,0,1,-1,0,0,-1.1999588012695312,9.679997444152832,1.920069694519043}})
ldd_3070(array[2]{26,0},array[1]{0},array[1][12]{{1,0,0,0,0,1,0,-1,0,-1.9999618530273437,8.8799962997436523,2.240077018737793}})
ldd_2432(array[1]{26},array[1]{0},array[1][12]{{1,0,0,0,0,1,0,-1,0,-1.1999588012695312,8.8799991607666016,2.240077018737793}})
ldd_3794(array[1]{26},array[1]{0},array[1][12]{{-1,0,0,0,0,1,0,1,0,-1.5999526977539063,8.8799991607666016,1.600092887878418}})
ldd_3070(array[2]{26,0},array[1]{0},array[1][12]{{1,0,0,0,0,1,0,-1,0,0.40004736185073853,8.8799991607666016,2.2400782108306885}})
ldd_2420(array[1]{26},array[1]{0},array[1][12]{{-1,0,0,0,0,1,0,1,0,0.40004736185073853,8.8799991607666016,1.9200706481933594}})
ldd_3794(array[1]{26},array[1]{0},array[1][12]{{1,0,0,0,0,1,0,-1,0,5.3524971008300781E-005,8.8799991607666016,1.6000938415527344}})
ldd_3710(array[1]{26},array[1]{0},array[1][12]{{-1,0,0,0,0,1,0,1,0,0.40006285905838013,9.6799955368041992,1.6000635623931885}})
ldd_93273(array[2]{26,0},array[1]{0},array[1][12]{{1,0,0,0,0,1,0,-1,0,-1.9999463558197021,9.679997444152832,1.9200706481933594}})
ldd_3070(array[2]{192,0},array[1]{0},array[1][12]{{-0.097763039171695709,0,-0.99520969390869141,0.99520969390869141,0,-0.097763039171695709,0,-1,0,0.062696099281311035,1.0385444164276123,4.0480031967163086}})
ldd_14716(array[1]{192},array[1]{0},array[1][12]{{-0.097763054072856903,0,-0.99520981311798096,0.99520981311798096,0,-0.097763054072856903,0,-1,0,-2.8035094738006592,1.0385446548461914,4.3295574188232422}})
ldd_3024(array[1]{192},array[1]{0},array[1][12]{{0,1,0,0.99520981311798096,0,-0.097763046622276306,-0.097763046622276306,0,-0.99520981311798096,-3.1219558715820313,1.0385446548461914,4.3609046936035156}})
ldd_3070(array[2]{192,0},array[1]{0},array[1][12]{{-0.24466751515865326,-0.00032432441366836429,-0.96960699558258057,0.96959757804870605,0.0043382993899285793,-0.24466659128665924,0.004285796545445919,-0.99999052286148071,-0.00074697670061141253,2.3705136775970459,1.0541534423828125,4.3192834854125977}})
ldd_14716(array[1]{192},array[1]{0},array[1][12]{{-0.24466748535633087,-0.00032432435546070337,-0.96960699558258057,0.96959757804870605,0.0043382979929447174,-0.24466659128665924,0.0042857960797846317,-0.99999052286148071,-0.00074697646778076887,-0.4219302237033844,1.0416591167449951,5.0239348411560059}})
ldd_3024(array[1]{192},array[1]{0},array[1][12]{{-0.0042857988737523556,0.99999052286148071,0.00074696430237963796,0.96959757804870605,0.0043382979929447174,-0.24466659128665924,-0.24466748535633087,-0.00032433643355034292,-0.96960699558258057,-0.73220151662826538,1.0402709245681763,5.1022090911865234}})
ldd_3069(array[2]{192,0},array[1]{0},array[1][12]{{0,0,1,0,1,0,-1,0,0,2.8000383377075195,0.63999617099761963,-1.9999752044677734}})
ldd_87620(array[1]{199},array[1]{0},array[1][12]{{-1,0,0,0,1,0,0,0,-1,-2.7999651432037354,0.95999813079833984,2.8000452518463135}})
ldd_2420(array[1]{199},array[1]{0},array[1][12]{{1,0,0,0,1,0,0,0,1,-3.5999758243560791,0.63999795913696289,2.0000576972961426}})
ldd_87620(array[1]{199},array[1]{0},array[1][12]{{-1,0,0,0,1,0,0,0,-1,-2.7999651432037354,2.8799979686737061,2.8000454902648926}})
ldd_87620(array[1]{199},array[1]{0},array[1][12]{{-1,0,0,0,1,0,0,0,-1,-2.7999651432037354,1.9199981689453125,2.8000457286834717}})
ldd_87620(array[1]{199},array[1]{0},array[1][12]{{-1,0,0,0,1,0,0,0,-1,-2.7999651432037354,4.7999973297119141,2.8000454902648926}})
ldd_2420(array[1]{199},array[1]{0},array[1][12]{{1,0,0,0,1,0,0,0,1,-3.5999834537506104,5.7599997520446777,2.0000579357147217}})
ldd_87620(array[1]{199},array[1]{0},array[1][12]{{-1,0,0,0,1,0,0,0,-1,-2.7999651432037354,3.8399977684020996,2.8000457286834717}})
ldd_3070(array[2]{154,0},array[1]{0},array[1][12]{{0,0,-1,0,1,0,1,0,0,-2.7999267578125,0.95999985933303833,1.9999790191650391}})
ldd_2420(array[1]{26},array[1]{0},array[1][12]{{0,1,0,-1,0,0,0,0,1,-2.7199475765228271,7.2800006866455078,0.4000815749168396}})
ldd_3022(array[1]{26},array[1]{0},array[1][12]{{0,0,1,-1,0,0,0,-1,0,-3.0399394035339355,8.0800018310546875,-0.3999062180519104}})
ldd_93273(array[2]{26,0},array[1]{0},array[1][12]{{0,0,1,-1,0,0,0,-1,0,-3.0399394035339355,8.0800018310546875,-1.1998937129974365}})
ldd_93273(array[2]{26,0},array[1]{0},array[1][12]{{0,0,1,-1,0,0,0,-1,0,-3.0399396419525146,8.8800029754638672,-1.1998937129974365}})
ldd_2420(array[1]{26},array[1]{0},array[1][12]{{0,-1,0,-1,0,0,0,0,-1,-2.719947338104248,9.6799983978271484,-0.3999062180519104}})
ldd_2420(array[1]{26},array[1]{0},array[1][12]{{0,0,1,-1,0,0,0,-1,0,-2.719947338104248,8.0799999237060547,-1.1998939514160156}})
ldd_2420(array[1]{26},array[1]{0},array[1][12]{{0,0,-1,-1,0,0,0,1,0,-2.7199628353118896,8.8799991607666016,1.200068473815918}})
ldd_93273(array[2]{26,0},array[1]{0},array[1][12]{{0,0,-1,1,0,0,0,-1,0,1.1200335025787354,7.2799992561340332,1.2000997066497803}})
ldd_4733(array[1]{26},array[1]{0},array[1][12]{{-1,0,0,0,1,0,0,0,-1,-1.9999613761901855,6.7199993133544922,-1.1999549865722656}})
ldd_3024(array[1]{26},array[1]{0},array[1][12]{{1,0,0,0,1,0,0,0,1,-1.9999613761901855,6.3999977111816406,-1.1999548673629761}})
ldd_3005(array[2]{199,0},array[1]{0},array[1][12]{{0,0,-1,0,1,0,1,0,0,-1.1999582052230835,5.1199979782104492,-1.9999426603317261}})
ldd_3958(array[1]{199},array[1]{0},array[1][12]{{0,0,-1,0,1,0,1,0,0,1.2000350952148437,6.0799980163574219,2.0000572204589844}})
ldd_3068(array[2]{199,0},array[1]{0},array[1][12]{{0,0,-1,0,1,0,1,0,0,-0.3999553918838501,6.3999977111816406,-0.39993667602539063}})
ldd_14719(array[1]{199},array[1]{0},array[1][12]{{0,0,-1,0,1,0,1,0,0,-2.7999646663665771,6.3999977111816406,1.2000694274902344}})
ldd_3024(array[1]{199},array[1]{0},array[1][12]{{1,0,0,0,1,0,0,0,1,-1.1999582052230835,4.7999987602233887,-1.9999426603317261}})
ldd_3024(array[1]{199},array[1]{0},array[1][12]{{1,0,0,0,1,0,0,0,1,-1.199973464012146,4.4799971580505371,-1.9999426603317261}})
ldd_14719(array[1]{199},array[1]{0},array[1][12]{{-1,0,0,0,1,0,0,0,-1,-1.9999613761901855,6.3999977111816406,-0.39993661642074585}})
ldd_11212(array[1]{199},array[1]{0},array[1][12]{{0,0,-1,0,1,0,1,0,0,-1.1999738216400146,4.1599974632263184,-0.39996641874313354}})
ldd_3024(array[1]{199},array[1]{0},array[1][12]{{1,0,0,0,1,0,0,0,1,-2.7999796867370605,4.4799971580505371,-0.39996719360351563}})
ldd_3024(array[1]{199},array[1]{0},array[1][12]{{1,0,0,0,1,0,0,0,1,-2.7999646663665771,4.7999987602233887,-0.39996647834777832}})
ldd_2431(array[2]{199,0},array[1]{0},array[1][12]{{1,0,0,0,1,0,0,0,1,-1.9999618530273437,6.3999977111816406,2.0000574588775635}})
ldd_3710(array[1]{26},array[1]{0},array[1][12]{{0,-1,0,-1,0,0,0,0,-1,-2.3999552726745605,9.6799964904785156,-1.1999549865722656}})
ldd_3024(array[1]{199},array[1]{0},array[1][12]{{0.70710724592208862,0,-0.70710641145706177,0,1,0,0.70710641145706177,0,0.70710724592208862,-1.599891185760498,5.7599978446960449,-0.7998693585395813}})
ldd_87087(array[1]{199},array[1]{0},array[1][12]{{-0.70710718631744385,0,0.70710647106170654,0,1,0,-0.70710647106170654,0,-0.70710718631744385,-1.5998759269714355,4.7999982833862305,-0.7998693585395813}})
ldd_3068(array[2]{199,0},array[1]{0},array[1][12]{{0,0,-1,0,1,0,1,0,0,-0.3999556303024292,6.3999972343444824,1.2000696659088135}})
ldd_3068(array[2]{199,0},array[1]{0},array[1][12]{{0,0,-1,0,1,0,1,0,0,-1.1999738216400146,4.4799966812133789,-0.39996707439422607}})
ldd_3710(array[1]{26},array[1]{0},array[1][12]{{-1,0,0,0,0,1,0,1,0,0.40003228187561035,7.2800002098083496,1.6000633239746094}})
ldd_93273(array[2]{26,0},array[1]{0},array[1][12]{{1,0,0,0,0,1,0,-1,0,-1.9999616146087646,7.2799983024597168,1.9200706481933594}})
ldd_4733(array[1]{26},array[1]{0},array[1][12]{{1,0,0,0,1,0,0,0,1,-1.9999616146087646,6.7199969291687012,1.2000694274902344}})
ldd_3710(array[1]{26},array[1]{0},array[1][12]{{0,-1,0,-1,0,0,0,0,-1,-2.3999555110931396,9.679997444152832,1.2000694274902344}})
ldd_3024(array[1]{26},array[1]{0},array[1][12]{{1,0,0,0,1,0,0,0,1,-1.9999616146087646,6.3999953269958496,1.2000694274902344}})
ldd_3005(array[2]{199,0},array[1]{0},array[1][12]{{0,0,-1,0,1,0,1,0,0,-2.799964427947998,5.119997501373291,-0.39993661642074585}})
ldd_14719(array[1]{199},array[1]{0},array[1][12]{{0,0,-1,0,1,0,1,0,0,-2.7999799251556396,4.4799966812133789,-1.1999548673629761}})
ldd_3070(array[2]{221,0},array[1]{0},array[1][12]{{0,0,-1,0,1,0,1,0,0,1.200035572052002,6.3999981880187988,-1.1999548673629761}})
ldd_3069(array[2]{199,0},array[1]{0},array[1][12]{{1,0,0,0,1,0,0,0,1,0.39981889724731445,6.3999972343444824,-0.39996719360351563}})
ldd_3710(array[1]{26},array[1]{0},array[1][12]{{0,1,0,1,0,0,0,0,-1,0.80002641677856445,7.2800002098083496,-1.1999549865722656}})
ldd_4733(array[1]{26},array[1]{0},array[1][12]{{-1,0,0,0,1,0,0,0,-1,0.40003252029418945,6.7199969291687012,-1.1999552249908447}})
ldd_3024(array[1]{26},array[1]{0},array[1][12]{{1,0,0,0,1,0,0,0,1,0.40003252029418945,6.3999972343444824,-1.1999551057815552}})
ldd_14719(array[1]{199},array[1]{0},array[1][12]{{1,0,0,0,1,0,0,0,1,0.40003228187561035,6.3999972343444824,0.40005135536193848}})
ldd_4733(array[1]{26},array[1]{0},array[1][12]{{-1,0,0,0,1,0,0,0,-1,0.40003228187561035,6.719998836517334,1.2000083923339844}})
ldd_3710(array[1]{26},array[1]{0},array[1][12]{{0,1,0,1,0,0,0,0,-1,0.80002617835998535,7.2800002098083496,1.2000694274902344}})
ldd_93273(array[2]{26,0},array[1]{0},array[1][12]{{-1,0,0,0,0,-1,0,-1,0,0.40004777908325195,7.2799992561340332,-1.9199255704879761}})
ldd_3710(array[1]{26},array[1]{0},array[1][12]{{-1,0,0,0,0,-1,0,-1,0,0.40003252029418945,7.2799992561340332,-1.5999183654785156}})
ldd_3068(array[2]{221,0},array[1]{0},array[1][12]{{0,0,1,0,1,0,-1,0,0,-0.39996170997619629,8.9599990844726563,-1.1999615430831909}})
ldd_3031(array[1]{221},array[1]{0},array[1][12]{{1,0,0,0,1,0,0,0,1,-1.9999618530273437,8.6399993896484375,1.2000389099121094}})
ldd_3068(array[2]{221,0},array[1]{0},array[1][12]{{0,0,1,0,1,0,-1,0,0,-1.9999686479568481,8.9600038528442383,0.40004444122314453}})
ldd_3068(array[2]{221,0},array[1]{0},array[1][12]{{0,0,1,0,1,0,-1,0,0,-1.9999678134918213,8.9600000381469727,-1.1999616622924805}})
ldd_3031(array[1]{221},array[1]{0},array[1][12]{{1,0,0,0,1,0,0,0,1,-1.9999618530273437,8.3199968338012695,1.2000389099121094}})
ldd_3068(array[2]{221,0},array[1]{0},array[1][12]{{0,0,1,0,1,0,-1,0,0,-0.39997410774230957,8.9600019454956055,0.40003788471221924}})
ldd_3031(array[1]{221},array[1]{0},array[1][12]{{1,0,0,0,1,0,0,0,1,-1.9999618530273437,7.9999995231628418,1.2000389099121094}})
ldd_3031(array[1]{221},array[1]{0},array[1][12]{{1,0,0,0,1,0,0,0,1,-1.9999618530273437,7.6799988746643066,1.2000389099121094}})
ldd_3024(array[1]{26},array[1]{0},array[1][12]{{1,0,0,0,1,0,0,0,1,0.40003228187561035,6.3999972343444824,1.2000083923339844}})
ldd_2431(array[2]{199,0},array[1]{0},array[1][12]{{1,0,0,0,1,0,0,0,1,-1.9999611377716064,6.3999972343444824,-1.9999425411224365}})
ldd_93273(array[2]{26,0},array[1]{0},array[1][12]{{0,0,1,-1,0,0,0,-1,0,-2.719947338104248,9.6799993515014648,-1.1999247074127197}})
ldd_93273(array[2]{26,0},array[1]{0},array[1][12]{{0,0,1,-1,0,0,0,-1,0,-2.7199625968933105,7.2800006866455078,-1.1998939514160156}})
ldd_93273(array[2]{26,0},array[1]{0},array[1][12]{{0,0,-1,1,0,0,0,-1,0,1.1200335025787354,9.679997444152832,1.2000691890716553}})
ldd_3023(array[1]{221},array[1]{0},array[1][12]{{0,0,-1,-1,0,0,0,1,0,-2.3999555110931396,8.8799972534179687,0.4000815749168396}})
ldd_2420(array[1]{26},array[1]{0},array[1][12]{{1,0,0,0,0,1,0,-1,0,-1.9999616146087646,8.0799970626831055,1.9201009273529053}})
ldd_3023(array[1]{26},array[1]{0},array[1][12]{{1,0,0,0,0,1,0,-1,0,-1.1999589204788208,8.0799970626831055,2.2400779724121094}})
ldd_93273(array[2]{26,0},array[1]{0},array[1][12]{{1,0,0,0,0,1,0,-1,0,-1.9999620914459229,8.0799970626831055,2.2400779724121094}})
ldd_2420(array[1]{26},array[1]{0},array[1][12]{{0,1,0,0,0,1,1,0,0,-0.39995598793029785,7.2799983024597168,1.9201011657714844}})
ldd_2420(array[1]{26},array[1]{0},array[1][12]{{0,1,0,0,0,-1,-1,0,0,-1.1999428272247314,7.2800002098083496,-1.9199261665344238}})
ldd_93273(array[2]{26,0},array[1]{0},array[1][12]{{-1,0,0,0,0,-1,0,-1,0,0.40006327629089355,8.0799989700317383,-2.2399334907531738}})
ldd_3023(array[1]{26},array[1]{0},array[1][12]{{1,0,0,0,0,-1,0,1,0,-1.1999428272247314,8.0799989700317383,-2.2399337291717529}})
ldd_2420(array[1]{26},array[1]{0},array[1][12]{{-1,0,0,0,0,-1,0,-1,0,0.40004801750183105,8.0799970626831055,-1.9199259281158447}})
ldd_2420(array[1]{26},array[1]{0},array[1][12]{{0,0,-1,1,0,0,0,-1,0,1.1200335025787354,8.0799989700317383,1.2000691890716553}})
ldd_93273(array[2]{26,0},array[1]{0},array[1][12]{{0,0,-1,1,0,0,0,-1,0,1.4400408267974854,8.8799982070922852,1.2000691890716553}})
ldd_3022(array[1]{26},array[1]{0},array[1][12]{{0,0,1,1,0,0,0,1,0,1.440041184425354,8.8799962997436523,-0.39993715286254883}})
ldd_93273(array[2]{26,0},array[1]{0},array[1][12]{{0,0,-1,1,0,0,0,-1,0,1.4400409460067749,8.0799989700317383,1.2000689506530762}})
ldd_2420(array[1]{26},array[1]{0},array[1][12]{{0,1,0,1,0,0,0,0,-1,1.1200335025787354,7.2799983024597168,-0.3999064564704895}})
ldd_2420(array[1]{26},array[1]{0},array[1][12]{{0,-1,0,1,0,0,0,0,1,1.1200487613677979,9.679997444152832,0.4000813364982605}})
ldd_2420(array[1]{26},array[1]{0},array[1][12]{{0,0,1,1,0,0,0,1,0,1.1200337409973145,8.8799982070922852,-1.1999244689941406}})
ldd_3023(array[1]{221},array[1]{0},array[1][12]{{0,0,1,1,0,0,0,1,0,0.80005669593811035,8.8799982070922852,-0.3999369740486145}})
union {
ldd_2430(array[1]{199},array[1]{0},array[1][12]{{0,0,-1,0,1,0,1,0,0,2.0000388622283936,1.2799992561340332,-1.9999737739562988}})
ldd_2429(array[1]{199},array[1]{0},array[1][12]{{-0.65335184335708618,0,-0.75705444812774658,0,1,0,0.75705444812774658,0,-0.65335184335708618,2.8812651634216309,1.2800010442733765,-0.43033576011657715}})
}
ldd_3024(array[1]{199},array[1]{0},array[1][12]{{1,0,0,0,1,0,0,0,1,2.0000391006469727,1.5999994277954102,-2.0000052452087402}})
ldd_87620(array[1]{199},array[1]{0},array[1][12]{{1,0,0,0,1,0,0,0,1,1.2000511884689331,1.9199999570846558,-2.799962043762207}})
ldd_87620(array[1]{199},array[1]{0},array[1][12]{{1,0,0,0,1,0,0,0,1,1.2000510692596436,2.8799989223480225,-2.7999625205993652}})
ldd_87620(array[1]{199},array[1]{0},array[1][12]{{1,0,0,0,1,0,0,0,1,1.2000510692596436,3.8400001525878906,-2.7999625205993652}})
ldd_3005(array[2]{199,0},array[1]{0},array[1][12]{{1,0,0,0,1,0,0,0,1,1.2000304460525513,0.95999890565872192,-2.7999553680419922}})
ldd_3034(array[1]{199},array[1]{0},array[1][12]{{0,0,-1,0,1,0,1,0,0,2.000030517578125,0.6399989128112793,2.8000445365905762}})
ldd_3023(array[1]{199},array[1]{0},array[1][12]{{0,0,-1,0,1,0,1,0,0,2.0000388622283936,0.95999908447265625,-1.999974250793457}})
ldd_3023(array[1]{199},array[1]{0},array[1][12]{{0,0,-1,0,1,0,1,0,0,2.0000381469726562,0.95999908447265625,2.8000140190124512}})
ldd_3023(array[1]{199},array[1]{0},array[1][12]{{0,0,-1,0,1,0,1,0,0,2.0000381469726562,1.279998779296875,2.8000140190124512}})
ldd_3024(array[1]{199},array[1]{0},array[1][12]{{1,0,0,0,1,0,0,0,1,2.0000383853912354,1.5999984741210938,1.9999954700469971}})
ldd_87620(array[1]{199},array[1]{0},array[1][12]{{0,0,1,0,1,0,-1,0,0,2.0000383853912354,1.9199980497360229,2.0000262260437012}})
ldd_87620(array[1]{199},array[1]{0},array[1][12]{{0,0,1,0,1,0,-1,0,0,2.0000383853912354,2.8799986839294434,2.0000262260437012}})
ldd_87620(array[1]{199},array[1]{0},array[1][12]{{0,0,1,0,1,0,-1,0,0,2.0000386238098145,3.8399991989135742,2.0000262260437012}})
ldd_3005(array[2]{199,0},array[1]{0},array[1][12]{{1,0,0,0,1,0,0,0,1,1.2000384330749512,0.95999807119369507,2.8000264167785645}})
ldd_2431(array[2]{199,0},array[1]{0},array[1][12]{{0,0,1,0,1,0,-1,0,0,2.000030517578125,0.95999890565872192,-1.1999555826187134}})
ldd_3024(array[1]{154},array[1]{0},array[1][12]{{1,0,0,0,1,0,0,0,1,1.2000304460525513,0.95999890565872192,-1.9999552965164185}})
ldd_3024(array[1]{154},array[1]{0},array[1][12]{{1,0,0,0,1,0,0,0,1,1.2000304460525513,0.95999890565872192,-1.1999555826187134}})
ldd_3070(array[2]{154,0},array[1]{0},array[1][12]{{0,0,-1,0,1,0,1,0,0,1.2000304460525513,0.95999890565872192,-0.3999553918838501}})
ldd_3024(array[1]{154},array[1]{0},array[1][12]{{1,0,0,0,1,0,0,0,1,1.2000304460525513,0.95999890565872192,1.2000446319580078}})
ldd_3070(array[2]{154,0},array[1]{0},array[1][12]{{0,0,-1,0,1,0,1,0,0,1.2000304460525513,0.95999890565872192,0.40004444122314453}})
ldd_3070(array[2]{154,0},array[1]{0},array[1][12]{{0,0,-1,0,1,0,1,0,0,1.2000304460525513,0.95999890565872192,2.0000448226928711}})
ldd_98138(array[2]{154,0},array[1]{0},array[1][12]{{0,0,-1,0,1,0,1,0,0,1.2000304460525513,1.2799988985061646,1.2000446319580078}})
ldd_98138(array[2]{154,0},array[1]{0},array[1][12]{{0,0,-1,0,1,0,1,0,0,1.2000304460525513,1.2799988985061646,-1.1999557018280029}})
ldd_98138(array[2]{154,0},array[1]{0},array[1][12]{{0,0,-1,0,1,0,1,0,0,1.2000304460525513,1.2799988985061646,-1.999955415725708}})
ldd_50746(array[1]{199},array[1]{0},array[1][12]{{0,0,-1,0,1,0,1,0,0,2.0000388622283936,6.0799994468688965,-1.9999434947967529}})
ldd_2420(array[1]{199},array[1]{0},array[1][12]{{-1,0,0,0,1,0,0,0,-1,2.0000541210174561,5.7599997520446777,-1.9999743700027466}})
ldd_3065(array[1]{199},array[1]{0},array[1][12]{{0,0,1,0,1,0,-1,0,0,1.2000511884689331,4.8000001907348633,-2.7999622821807861}})
ldd_3065(array[1]{199},array[1]{0},array[1][12]{{0,0,1,0,1,0,-1,0,0,1.2000387907028198,4.7999992370605469,2.0000262260437012}})
ldd_2420(array[1]{199},array[1]{0},array[1][12]{{0,0,-1,0,1,0,1,0,0,1.2000503540039062,5.7599983215332031,2.8000130653381348}})
ldd_2420(array[1]{199},array[1]{0},array[1][12]{{0,0,1,0,1,0,-1,0,0,-2.7999794483184814,5.7599992752075195,-2.7999916076660156}})
ldd_85984(array[2]{199,0},array[1]{0},array[1][12]{{-1,0,0,0,1,0,0,0,-1,-3.5999519824981689,6.0799999237060547,-2.0000038146972656}})
ldd_3065(array[1]{199},array[1]{0},array[1][12]{{0,0,-1,0,1,0,1,0,0,-3.5999677181243896,0.95999813079833984,-0.39993691444396973}})
ldd_3020(array[1]{199},array[1]{0},array[1][12]{{0,0,-1,0,1,0,1,0,0,-2.7999649047851562,0.63999795913696289,1.2000696659088135}})
ldd_3065(array[1]{199},array[1]{0},array[1][12]{{0,0,-1,0,1,0,1,0,0,-3.5999681949615479,0.95999813079833984,1.2000696659088135}})
ldd_3010(array[3]{199,0,0},array[2]{0,0},array[1][12]{{0,0,-1,0,1,0,1,0,0,-3.5999681949615479,1.9199986457824707,1.2000701427459717}})
ldd_3065(array[1]{199},array[1]{0},array[1][12]{{0,0,-1,0,1,0,1,0,0,-3.5999677181243896,2.879997730255127,-0.39993655681610107}})
ldd_3010(array[3]{199,0,0},array[2]{0,0},array[1][12]{{0,0,-1,0,1,0,1,0,0,-3.5999681949615479,3.8399989604949951,1.2000696659088135}})
ldd_3065(array[1]{199},array[1]{0},array[1][12]{{0,0,-1,0,1,0,1,0,0,-3.5999681949615479,4.7999973297119141,1.2000696659088135}})
ldd_3710(array[1]{199},array[1]{0},array[1][12]{{0,0,-1,0,1,0,1,0,0,-3.5999681949615479,5.7600007057189941,1.2000395059585571}})
ldd_85984(array[2]{199,0},array[1]{0},array[1][12]{{-1,0,0,0,1,0,0,0,-1,-3.5999677181243896,6.0800004005432129,-0.39996707439422607}})
ldd_3065(array[1]{199},array[1]{0},array[1][12]{{0,0,-1,0,1,0,1,0,0,-3.5999677181243896,4.7999973297119141,-0.39993655681610107}})
ldd_3065(array[1]{199},array[1]{0},array[1][12]{{0,0,-1,0,1,0,1,0,0,-3.5999681949615479,2.879997730255127,1.2000701427459717}})
ldd_98138(array[2]{154,0},array[1]{0},array[1][12]{{0,0,-1,0,1,0,1,0,0,-2.7999258041381836,1.279999852180481,0.3999786376953125}})
ldd_3024(array[1]{154},array[1]{0},array[1][12]{{1,0,0,0,1,0,0,0,1,-2.7999267578125,0.95999985933303833,0.3999779224395752}})
ldd_98138(array[2]{154,0},array[1]{0},array[1][12]{{0,0,-1,0,1,0,1,0,0,-2.7999258041381836,1.279999852180481,-1.2000236511230469}})
ldd_3024(array[1]{154},array[1]{0},array[1][12]{{1,0,0,0,1,0,0,0,1,-2.7999258041381836,0.95999985933303833,-1.2000243663787842}})
ldd_3070(array[2]{154,0},array[1]{0},array[1][12]{{0,0,-1,0,1,0,1,0,0,-2.7999267578125,0.95999985933303833,1.1999778747558594}})
ldd_3070(array[2]{154,0},array[1]{0},array[1][12]{{0,0,-1,0,1,0,1,0,0,-2.7999267578125,0.95999985933303833,-0.40002059936523438}})
ldd_85984(array[2]{199,0},array[1]{0},array[1][12]{{-1,0,0,0,1,0,0,0,-1,-3.5999681949615479,6.0800004005432129,1.2000086307525635}})
ldd_85984(array[2]{199,0},array[1]{0},array[1][12]{{0,0,-1,0,1,0,1,0,0,-1.9999611377716064,6.0799999237060547,-2.7999916076660156}})
ldd_3010(array[3]{199,0,0},array[2]{0,0},array[1][12]{{-1,0,0,0,1,0,0,0,-1,0.40006279945373535,3.8400006294250488,2.8000402450561523}})
ldd_3065(array[1]{199},array[1]{0},array[1][12]{{-1,0,0,0,1,0,0,0,-1,-1.1999433040618896,2.8799998760223389,2.8000392913818359}})
ldd_3010(array[3]{199,0,0},array[2]{0,0},array[1][12]{{-1,0,0,0,1,0,0,0,-1,0.40006279945373535,1.9200010299682617,2.8000402450561523}})
ldd_3065(array[1]{199},array[1]{0},array[1][12]{{-1,0,0,0,1,0,0,0,-1,0.40006279945373535,2.8799998760223389,2.8000402450561523}})
ldd_3065(array[1]{199},array[1]{0},array[1][12]{{-1,0,0,0,1,0,0,0,-1,-1.1999433040618896,0.96000003814697266,2.8000392913818359}})
ldd_3034(array[1]{199},array[1]{0},array[1][12]{{0,0,-1,0,1,0,1,0,0,-1.1999433040618896,0.6399998664855957,2.8000392913818359}})
ldd_3065(array[1]{199},array[1]{0},array[1][12]{{-1,0,0,0,1,0,0,0,-1,-1.1999273300170898,0.96000003814697266,-2.7999973297119141}})
ldd_3010(array[3]{199,0,0},array[2]{0,0},array[1][12]{{-1,0,0,0,1,0,0,0,-1,0.40007901191711426,1.9200010299682617,-2.7999973297119141}})
ldd_3065(array[1]{199},array[1]{0},array[1][12]{{-1,0,0,0,1,0,0,0,-1,0.40007901191711426,0.96000003814697266,-2.7999973297119141}})
ldd_3034(array[1]{199},array[1]{0},array[1][12]{{0,0,-1,0,1,0,1,0,0,0.40006279945373535,0.6399998664855957,2.8000407218933105}})
ldd_3065(array[1]{199},array[1]{0},array[1][12]{{-1,0,0,0,1,0,0,0,-1,0.40006279945373535,0.96000003814697266,2.8000397682189941}})
ldd_3065(array[1]{199},array[1]{0},array[1][12]{{-1,0,0,0,1,0,0,0,-1,0.40007901191711426,2.8799998760223389,-2.7999973297119141}})
ldd_3010(array[3]{199,0,0},array[2]{0,0},array[1][12]{{-1,0,0,0,1,0,0,0,-1,0.40007901191711426,3.8400008678436279,-2.7999973297119141}})
ldd_3065(array[1]{199},array[1]{0},array[1][12]{{-1,0,0,0,1,0,0,0,-1,-1.1999272108078003,2.8799998760223389,-2.7999973297119141}})
ldd_3065(array[1]{199},array[1]{0},array[1][12]{{-1,0,0,0,1,0,0,0,-1,-1.1999273300170898,4.7999997138977051,-2.7999973297119141}})
ldd_3710(array[1]{199},array[1]{0},array[1][12]{{1,0,0,0,1,0,0,0,1,-1.9999611377716064,5.7600002288818359,-2.7999973297119141}})
ldd_3065(array[1]{199},array[1]{0},array[1][12]{{-1,0,0,0,1,0,0,0,-1,0.40007901191711426,4.7999997138977051,-2.7999973297119141}})
ldd_85984(array[2]{199,0},array[1]{0},array[1][12]{{0,0,-1,0,1,0,1,0,0,-0.39995479583740234,6.0799999237060547,-2.7999973297119141}})
ldd_3065(array[1]{199},array[1]{0},array[1][12]{{-1,0,0,0,1,0,0,0,-1,-1.1999433040618896,4.7999997138977051,2.8000392913818359}})
ldd_3710(array[1]{199},array[1]{0},array[1][12]{{1,0,0,0,1,0,0,0,1,-1.9999463558197021,5.7600002288818359,2.8000392913818359}})
ldd_3065(array[1]{199},array[1]{0},array[1][12]{{-1,0,0,0,1,0,0,0,-1,0.40006279945373535,4.7999997138977051,2.8000407218933105}})
ldd_85984(array[2]{199,0},array[1]{0},array[1][12]{{0,0,1,0,1,0,-1,0,0,-1.1999585628509521,6.0799999237060547,2.8000392913818359}})
ldd_98138(array[2]{154,0},array[1]{0},array[1][12]{{0,0,-1,0,1,0,1,0,0,0.400054931640625,1.279999852180481,2.0000438690185547}})
ldd_3024(array[1]{154},array[1]{0},array[1][12]{{1,0,0,0,1,0,0,0,1,0.4000551700592041,0.95999985933303833,2.0000429153442383}})
ldd_98138(array[2]{21,0},array[1]{0},array[1][12]{{0,0,-1,0,1,0,1,0,0,0.40005397796630859,1.279999852180481,-0.39996337890625}})
ldd_3024(array[1]{154},array[1]{0},array[1][12]{{1,0,0,0,1,0,0,0,1,0.40005397796630859,0.95999985933303833,-0.39996039867401123}})
ldd_98138(array[2]{154,0},array[1]{0},array[1][12]{{0,0,-1,0,1,0,1,0,0,0.40005588531494141,1.279999852180481,-1.9999580383300781}})
ldd_3024(array[1]{154},array[1]{0},array[1][12]{{1,0,0,0,1,0,0,0,1,0.400054931640625,0.95999985933303833,-1.999958872795105}})
ldd_3070(array[2]{154,0},array[1]{0},array[1][12]{{0,0,-1,0,1,0,1,0,0,0.400054931640625,0.95999985933303833,1.200042724609375}})
ldd_98138(array[2]{191,0},array[1]{0},array[1][12]{{0,0,-1,0,1,0,1,0,0,-0.39994716644287109,1.5999999046325684,1.2000083923339844}})
ldd_6141(array[1]{191},array[1]{0},array[1][12]{{0,0,-1,0,1,0,1,0,0,-0.39994800090789795,1.2799999713897705,1.2000076770782471}})
ldd_3024(array[1]{154},array[1]{0},array[1][12]{{1,0,0,0,1,0,0,0,1,-0.39994800090789795,0.95999991893768311,1.2000076770782471}})
ldd_3070(array[2]{154,0},array[1]{0},array[1][12]{{0,0,-1,0,1,0,1,0,0,0.400054931640625,0.95999985933303833,0.40004348754882813}})
ldd_3070(array[2]{154,0},array[1]{0},array[1][12]{{0,0,-1,0,1,0,1,0,0,0.400054931640625,0.95999985933303833,-1.1999588012695312}})
ldd_98138(array[2]{21,0},array[1]{0},array[1][12]{{0,0,-1,0,1,0,1,0,0,-0.39994907379150391,1.279999852180481,2.0000038146972656}})
ldd_3024(array[1]{154},array[1]{0},array[1][12]{{1,0,0,0,1,0,0,0,1,-0.39994895458221436,0.95999985933303833,2.0000066757202148}})
ldd_98138(array[2]{191,0},array[1]{0},array[1][12]{{0,0,-1,0,1,0,1,0,0,-0.39994716644287109,1.279999852180481,0.4000091552734375}})
ldd_3024(array[1]{154},array[1]{0},array[1][12]{{1,0,0,0,1,0,0,0,1,-0.39994800090789795,0.95999985933303833,0.4000084400177002}})
ldd_98138(array[2]{191,0},array[1]{0},array[1][12]{{0,0,-1,0,1,0,1,0,0,-0.39994716644287109,1.279999852180481,-0.399993896484375}})
ldd_3024(array[1]{154},array[1]{0},array[1][12]{{1,0,0,0,1,0,0,0,1,-0.3999481201171875,0.95999985933303833,-0.39999473094940186}})
ldd_98138(array[2]{21,0},array[1]{0},array[1][12]{{0,0,-1,0,1,0,1,0,0,-0.39994907379150391,1.279999852180481,-1.1999969482421875}})
ldd_3024(array[1]{154},array[1]{0},array[1][12]{{1,0,0,0,1,0,0,0,1,-0.39994907379150391,0.95999985933303833,-1.1999939680099487}})
ldd_98138(array[2]{21,0},array[1]{0},array[1][12]{{0,0,-1,0,1,0,1,0,0,-0.39994907379150391,1.279999852180481,-1.9999961853027344}})
ldd_3024(array[1]{154},array[1]{0},array[1][12]{{1,0,0,0,1,0,0,0,1,-0.39994919300079346,0.95999985933303833,-1.9999932050704956}})
ldd_98138(array[2]{191,0},array[1]{0},array[1][12]{{0,0,-1,0,1,0,1,0,0,-1.1999435424804687,1.5999999046325684,0.40003204345703125}})
ldd_6141(array[1]{191},array[1]{0},array[1][12]{{0,0,-1,0,1,0,1,0,0,-1.1999435424804687,1.2799999713897705,0.40003132820129395}})
ldd_3024(array[1]{154},array[1]{0},array[1][12]{{1,0,0,0,1,0,0,0,1,-1.1999435424804687,0.95999991893768311,0.40003514289855957}})
ldd_98138(array[2]{191,0},array[1]{0},array[1][12]{{0,0,-1,0,1,0,1,0,0,-1.1999425888061523,1.5999999046325684,-1.1999626159667969}})
ldd_6141(array[1]{191},array[1]{0},array[1][12]{{0,0,-1,0,1,0,1,0,0,-1.1999435424804687,1.2799999713897705,-1.1999633312225342}})
ldd_3024(array[1]{154},array[1]{0},array[1][12]{{1,0,0,0,1,0,0,0,1,-1.1999435424804687,0.95999991893768311,-1.1999633312225342}})
ldd_98138(array[2]{191,0},array[1]{0},array[1][12]{{0,0,-1,0,1,0,1,0,0,-1.1999425888061523,1.279999852180481,1.2000350952148437}})
ldd_3024(array[1]{154},array[1]{0},array[1][12]{{1,0,0,0,1,0,0,0,1,-1.1999434232711792,0.95999985933303833,1.2000343799591064}})
ldd_98138(array[2]{191,0},array[1]{0},array[1][12]{{0,0,-1,0,1,0,1,0,0,-1.1999425888061523,1.279999852180481,-0.39996337890625}})
ldd_3024(array[1]{154},array[1]{0},array[1][12]{{1,0,0,0,1,0,0,0,1,-1.1999425888061523,0.95999985933303833,-0.39996421337127686}})
ldd_3070(array[2]{154,0},array[1]{0},array[1][12]{{0,0,-1,0,1,0,1,0,0,-1.1999435424804687,0.95999985933303833,2.0000381469726562}})
ldd_98138(array[2]{191,0},array[1]{0},array[1][12]{{0,0,-1,0,1,0,1,0,0,-1.9999456405639648,1.5999999046325684,-0.39999771118164063}})
ldd_6141(array[1]{191},array[1]{0},array[1][12]{{0,0,-1,0,1,0,1,0,0,-1.9999465942382812,1.2799999713897705,-0.39999842643737793}})
ldd_3024(array[1]{154},array[1]{0},array[1][12]{{1,0,0,0,1,0,0,0,1,-1.9999465942382812,0.95999991893768311,-0.39999842643737793}})
ldd_3070(array[2]{154,0},array[1]{0},array[1][12]{{0,0,-1,0,1,0,1,0,0,-1.1999435424804687,0.95999985933303833,-1.9999618530273437}})
ldd_98138(array[2]{154,0},array[1]{0},array[1][12]{{0,0,-1,0,1,0,1,0,0,-1.9999456405639648,1.279999852180481,2.0000057220458984}})
ldd_3024(array[1]{154},array[1]{0},array[1][12]{{1,0,0,0,1,0,0,0,1,-1.9999474287033081,0.95999985933303833,2.0000028610229492}})
ldd_98138(array[2]{21,0},array[1]{0},array[1][12]{{0,0,-1,0,1,0,1,0,0,-1.9999465942382812,1.279999852180481,1.2000007629394531}})
ldd_3024(array[1]{154},array[1]{0},array[1][12]{{1,0,0,0,1,0,0,0,1,-1.9999464750289917,0.95999985933303833,1.2000038623809814}})
ldd_98138(array[2]{21,0},array[1]{0},array[1][12]{{0,0,-1,0,1,0,1,0,0,-1.9999456405639648,1.279999852180481,0.40000534057617188}})
ldd_3024(array[1]{154},array[1]{0},array[1][12]{{1,0,0,0,1,0,0,0,1,-1.9999464750289917,0.95999985933303833,0.40000462532043457}})
ldd_98138(array[2]{21,0},array[1]{0},array[1][12]{{0,0,-1,0,1,0,1,0,0,-1.9999465942382812,1.279999852180481,-1.2000007629394531}})
ldd_3024(array[1]{154},array[1]{0},array[1][12]{{1,0,0,0,1,0,0,0,1,-1.9999465942382812,0.95999985933303833,-1.1999976634979248}})
ldd_98138(array[2]{154,0},array[1]{0},array[1][12]{{0,0,-1,0,1,0,1,0,0,-1.9999456405639648,1.279999852180481,-1.9999961853027344}})
ldd_3024(array[1]{154},array[1]{0},array[1][12]{{1,0,0,0,1,0,0,0,1,-1.9999467134475708,0.95999985933303833,-1.9999969005584717}})
ldd_85984(array[2]{199,0},array[1]{0},array[1][12]{{0,0,1,0,1,0,-1,0,0,0.40003198385238647,6.0799999237060547,2.8000144958496094}})
ldd_85984(array[2]{199,0},array[1]{0},array[1][12]{{0,0,-1,0,1,0,1,0,0,1.2000358104705811,6.0799999237060547,-2.7999916076660156}})
ldd_3794(array[1]{26},array[1]{0},array[1][12]{{-1,0,0,0,0,-1,0,-1,0,-1.599952220916748,8.0799980163574219,-1.5999183654785156}})
ldd_25269(array[2]{199,199},array[1]{0},array[1][12]{{0,0,-1,0,1,0,1,0,0,2.0000381469726562,1.5999994277954102,2.8000144958496094}})
ldd_25269(array[2]{199,199},array[1]{0},array[1][12]{{-1,0,0,0,1,0,0,0,-1,2.0000388622283936,1.5999994277954102,-2.7999916076660156}})
ldd_3665(array[1]{199},array[1]{0},array[1][12]{{1,0,0,0,1,0,0,0,1,2.0000388622283936,4.7999997138977051,-2.0000038146972656}})
ldd_50746(array[1]{221},array[1]{0},array[1][12]{{0,0,-1,0,1,0,1,0,0,2.0000386238098145,6.0799999237060547,-1.1999549865722656}})
ldd_3710(array[1]{199},array[1]{0},array[1][12]{{0,0,-1,0,1,0,1,0,0,2.0000383853912354,5.7600002288818359,1.2000079154968262}})
ldd_85984(array[2]{199,0},array[1]{0},array[1][12]{{1,0,0,0,1,0,0,0,1,2.0000383853912354,6.0799999237060547,0.40002024173736572}})
ldd_85984(array[2]{199,0},array[1]{0},array[1][12]{{1,0,0,0,1,0,0,0,1,2.0000383853912354,6.0799999237060547,2.0000267028808594}})
ldd_3665(array[1]{199},array[1]{0},array[1][12]{{-1,0,0,0,1,0,0,0,-1,2.0000383853912354,4.7999997138977051,2.0000267028808594}})
ldd_30374(array[1]{194},array[1]{0},array[1][12]{{-0.75705462694168091,0,0.65335160493850708,-0.65335160493850708,0,-0.75705462694168091,0,-1,0,3.4039309024810791,2.5600004196166992,0.17531967163085938}})
ldd_3701(array[1]{199},array[1]{0},array[1][12]{{0.65335166454315186,0,0.75705456733703613,0,1,0,-0.75705456733703613,0,0.65335166454315186,2.3585600852966309,1.6000008583068848,-1.0359876155853271}})
ldd_30374(array[1]{194},array[1]{0},array[1][12]{{-0.75705462694168091,0,0.65335160493850708,-0.65335160493850708,0,-0.75705462694168091,0,-1,0,2.8812193870544434,2.5600001811981201,-0.43036630749702454}})
ldd_3023(array[1]{199},array[1]{0},array[1][12]{{-0.65335160493850708,0,-0.75705462694168091,0,1,0,0.75705462694168091,0,-0.65335160493850708,3.926591157913208,1.2800008058547974,0.78096771240234375}})
ldd_87994(array[2]{194,194},array[1]{0},array[1][12]{{-0.65335148572921753,0,-0.75705468654632568,0.75705468654632568,0,-0.65335148572921753,0,-1,0,2.358513355255127,2.5600006580352783,-1.0359840393066406}})
ldd_87994(array[2]{194,194},array[1]{0},array[1][12]{{-0.65335148572921753,0,-0.75705468654632568,0.75705468654632568,0,-0.65335148572921753,0,-1,0,3.9265673160552979,2.5600006580352783,0.7809714674949646}})
ldd_3794(array[1]{26},array[1]{0},array[1][12]{{-1,0,0,0,0,1,0,1,0,-1.5999526977539063,8.0799999237060547,1.600092887878418}})
ldd_85984(array[2]{199,0},array[1]{0},array[1][12]{{0,0,1,0,1,0,-1,0,0,-2.7999649047851562,6.0799999237060547,2.800013542175293}})
ldd_3794(array[1]{26},array[1]{0},array[1][12]{{1,0,0,0,0,1,0,-1,0,5.3524971008300781E-005,8.0799999237060547,1.6000938415527344}})
ldd_98138(array[2]{194,0},array[1]{0},array[1][12]{{0,0,-1,0,1,0,1,0,0,-2.7999641895294189,6.4000005722045898,-1.9999427795410156}})
ldd_98138(array[2]{194,0},array[1]{0},array[1][12]{{0,0,-1,0,1,0,1,0,0,1.2000358104705811,6.4000005722045898,-1.9999427795410156}})
ldd_71075(array[1]{199},array[1]{0},array[1][12]{{0,1,0,-0.70710647106170654,0,-0.70710718631744385,-0.70710718631744385,0,0.70710647106170654,-1.882728099822998,5.3599982261657715,-1.0827064514160156}})
ldd_25214(array[1]{199},array[1]{0},array[1][12]{{0.70710647106170654,0,0.70710718631744385,0,-1,0,0.70710718631744385,0,-0.70710647106170654,-3.8626320362091064,6.5599985122680664,-3.0626277923583984}})
ldd_71075(array[1]{199},array[1]{0},array[1][12]{{0.70710647106170654,0,0.70710718631744385,0,-1,0,0.70710718631744385,0,-0.70710647106170654,-3.8626320362091064,8.1599979400634766,-3.0626277923583984}})
ldd_71075(array[1]{199},array[1]{0},array[1][12]{{0.70710647106170654,0,0.70710718631744385,0,-1,0,0.70710718631744385,0,-0.70710647106170654,-3.8626320362091064,9.7599964141845703,-3.0626277923583984}})
ldd_98138(array[2]{194,0},array[1]{0},array[1][12]{{0,0,-1,0,1,0,1,0,0,-2.7999649047851562,6.4000005722045898,2.000056266784668}})
ldd_98138(array[2]{194,0},array[1]{0},array[1][12]{{0,0,-1,0,1,0,1,0,0,1.2000353336334229,6.4000005722045898,2.0000572204589844}})
ldd_3794(array[1]{26},array[1]{0},array[1][12]{{1,0,0,0,0,-1,0,1,0,5.3942203521728516E-005,8.0799999237060547,-1.5999183654785156}})
ldd_3070(array[2]{192,0},array[1]{0},array[1][12]{{-0.097763039171695709,0,-0.99520969390869141,0.99520969390869141,0,-0.097763039171695709,0,-1,0,1.9129681587219238,1.8385425806045532,4.1957406997680664}})
ldd_14716(array[1]{192},array[1]{0},array[1][12]{{-0.0977630615234375,0,-0.99520981311798096,0.99520981311798096,0,-0.0977630615234375,0,-1,0,-0.95323783159255981,1.8385428190231323,4.4772953987121582}})
ldd_3024(array[1]{192},array[1]{0},array[1][12]{{0,1,0,0.99520981311798096,0,-0.097763039171695709,-0.097763039171695709,0,-0.99520981311798096,-1.2716842889785767,1.8385428190231323,4.5086426734924316}})
ldd_63864(array[1]{38},array[1]{0},array[1][12]{{1,0,0,0,0.21229304373264313,-0.97720605134963989,0,0.97720605134963989,0.21229304373264313,-0.55997568368911743,6.2626409530639648,-3.8493649959564209}})
ldd_3794(array[1]{192},array[1]{0},array[1][12]{{0,-0.97720605134963989,-0.21229290962219238,0,0.21229292452335358,-0.97720611095428467,1,0,0,1.0400176048278809,1.8950126171112061,-4.470703125}})
ldd_3460(array[1]{192},array[1]{0},array[1][12]{{0,0.97720605134963989,0.21229290962219238,0,0.21229292452335358,-0.97720611095428467,-1,0,0,1.0400328636169434,1.0453161001205444,-4.32781982421875}})
ldd_3794(array[1]{192},array[1]{0},array[1][12]{{0,-0.97720611095428467,-0.2122931182384491,0,0.21229308843612671,-0.97720605134963989,1,0,0,1.0400321483612061,6.5855989456176758,-3.4517192840576172}})
ldd_3794(array[1]{192},array[1]{0},array[1][12]{{0,-0.97720617055892944,-0.21229304373264313,0,0.21229302883148193,-0.97720611095428467,1,0,0,1.0400317907333374,5.0220813751220703,-3.7913868427276611}})
ldd_3794(array[1]{192},array[1]{0},array[1][12]{{0,-0.97720617055892944,-0.21229292452335358,0,0.21229290962219238,-0.97720611095428467,1,0,0,1.0400327444076538,3.4585466384887695,-4.1310296058654785}})
ldd_63864(array[1]{38},array[1]{0},array[1][12]{{1,0,0,0,0.21229304373264313,-0.97720605134963989,0,0.97720605134963989,0.21229304373264313,-0.55997473001480103,4.6991176605224609,-4.1890096664428711}})
ldd_63864(array[1]{38},array[1]{0},array[1][12]{{1,0,0,0,0.21229304373264313,-0.97720605134963989,0,0.97720605134963989,0.21229304373264313,-0.55997461080551147,3.1355869770050049,-4.5286822319030762}})
ldd_3794(array[1]{192},array[1]{0},array[1][12]{{0,-0.97720611095428467,-0.21229304373264313,0,0.21229304373264313,-0.97720605134963989,1,0,0,-0.55997496843338013,1.8949862718582153,-4.470731258392334}})
ldd_3460(array[1]{192},array[1]{0},array[1][12]{{0,0.97720599174499512,0.21229302883148193,0,0.21229304373264313,-0.97720605134963989,-1,0,0,-0.55997401475906372,1.0452942848205566,-4.3278484344482422}})
ldd_3794(array[1]{192},array[1]{0},array[1][12]{{0,-0.97720599174499512,-0.21229302883148193,0,0.21229304373264313,-0.97720605134963989,1,0,0,-0.55997508764266968,5.0220522880554199,-3.7913856506347656}})
ldd_3794(array[1]{192},array[1]{0},array[1][12]{{0,-0.97720599174499512,-0.21229302883148193,0,0.21229304373264313,-0.97720605134963989,1,0,0,-0.55995982885360718,3.4585211277008057,-4.1310276985168457}})
ldd_3794(array[1]{192},array[1]{0},array[1][12]{{0,-0.97720599174499512,-0.21229302883148193,0,0.21229304373264313,-0.97720605134963989,1,0,0,-0.55997580289840698,6.5855922698974609,-3.4517180919647217}})
ldd_63864(array[1]{38},array[1]{0},array[1][12]{{1,0,0,0,0.21229304373264313,-0.97720605134963989,0,0.97720605134963989,0.21229304373264313,-0.55997461080551147,1.5720556974411011,-4.8683557510375977}})
ldd_98138(array[2]{222,0},array[1]{0},array[1][12]{{-1,0,0,0,1,0,0,0,-1,-0.19862991571426392,9.2800092697143555,0.64875620603561401}})
ldd_3794(array[1]{26},array[1]{0},array[1][12]{{1,0,0,0,0,-1,0,1,0,5.3942203521728516E-005,8.8799991607666016,-1.5999183654785156}})
ldd_3070(array[2]{26,0},array[1]{0},array[1][12]{{-1,0,0,0,0,-1,0,-1,0,0.40003269910812378,8.8799962997436523,-2.2399330139160156}})
ldd_2420(array[1]{26},array[1]{0},array[1][12]{{0,-1,0,0,0,-1,1,0,0,-0.39995509386062622,9.6799955368041992,-1.9199258089065552}})
ldd_93273(array[2]{26,0},array[1]{0},array[1][12]{{-1,0,0,0,0,-1,0,-1,0,0.40003269910812378,9.6799955368041992,-1.9199256896972656}})
ldd_3710(array[1]{26},array[1]{0},array[1][12]{{-1,0,0,0,0,-1,0,-1,0,0.40003275871276855,9.6799955368041992,-1.5999183654785156}})
ldd_2432(array[1]{26},array[1]{0},array[1][12]{{-1,0,0,0,0,-1,0,-1,0,-0.39995509386062622,8.8799991607666016,-2.2399330139160156}})
