#include "ldd_20482.bin"
#include "ldd_85861.bin"
#include "ldd_50746.bin"
#include "ldd_3623.bin"
#include "ldd_3024.bin"
#include "ldd_3005.bin"
#include "ldd_15444.bin"
#include "ldd_22388.bin"
#include "ldd_3070.bin"
#include "ldd_3958.bin"
#include "ldd_63864.bin"
#include "ldd_3069.bin"
#include "ldd_3794.bin"
#include "ldd_3938.bin"
#include "ldd_99781.bin"
#include "ldd_3666.bin"
#include "ldd_6636.bin"
#include "ldd_2436.bin"
#include "ldd_3937.bin"
#include "ldd_3701.bin"
#include "ldd_3673.bin"
#include "ldd_3023.bin"
#include "ldd_4733.bin"
#include "ldd_2431.bin"
#include "ldd_3460.bin"
#include "ldd_14719.bin"
#include "ldd_85984.bin"
#include "ldd_4215.bin"
#include "ldd_3034.bin"
#include "ldd_3068.bin"
#include "ldd_87087.bin"
#include "ldd_4286.bin"
#include "ldd_3009.bin"
#include "ldd_3004.bin"
#include "ldd_14716.bin"
#include "ldd_98138.bin"
#include "ldd_4274.bin"
#include "ldd_91405.bin"
#include "ldd_6141.bin"
#include "ldd_15535.bin"
#include "ldd_2489.bin"
#include "ldd_604547.bin"
#include "ldd_3020.bin"
#include "ldd_87580.bin"

#declare ldd_model = union {
ldd_20482(array[1]{297},array[1]{0},array[1][12]{{0.44603464007377625,0.89500081539154053,-0.0051299380138516426,-0.65584665536880493,0.33073857426643372,0.6785847544670105,0.60903072357177734,-0.29930779337882996,0.73450422286987305,2.2537117004394531,6.4547233581542969,-1.806113600730896}})
ldd_85861(array[1]{140},array[1]{0},array[1][12]{{0.44603464007377625,0.89500081539154053,-0.0051299380138516426,-0.65584665536880493,0.33073857426643372,0.6785847544670105,0.60903072357177734,-0.29930779337882996,0.73450422286987305,2.0241661071777344,6.5704793930053711,-1.5686029195785522}})
ldd_85861(array[1]{140},array[1]{0},array[1][12]{{0.44603464007377625,0.89500081539154053,-0.0051299380138516426,-0.65584665536880493,0.33073857426643372,0.6785847544670105,0.60903072357177734,-0.29930779337882996,0.73450422286987305,1.8142967224121094,6.6763176918029785,-1.3514550924301147}})
ldd_85861(array[1]{140},array[1]{0},array[1][12]{{0.44603464007377625,0.89500081539154053,-0.0051299380138516426,-0.65584665536880493,0.33073857426643372,0.6785847544670105,0.60903072357177734,-0.29930779337882996,0.73450422286987305,1.6044197082519531,6.7821536064147949,-1.1343072652816772}})
ldd_85861(array[1]{140},array[1]{0},array[1][12]{{0.44603464007377625,0.89500081539154053,-0.0051299380138516426,-0.65584665536880493,0.33073857426643372,0.6785847544670105,0.60903072357177734,-0.29930779337882996,0.73450422286987305,1.3945503234863281,6.8879909515380859,-0.91717463731765747}})
ldd_50746(array[1]{297},array[1]{0},array[1][12]{{-0.44603455066680908,-0.8950008749961853,0.0051295850425958633,-0.65584689378738403,0.33073833584785461,0.6785845160484314,-0.60903048515319824,0.29930788278579712,-0.73450440168380737,1.4620246887207031,6.8602156639099121,0.10471408814191818}})
ldd_3623(array[1]{297},array[1]{0},array[1][12]{{0.60903048515319824,-0.29930779337882996,0.73450446128845215,-0.65584677457809448,0.330738365650177,0.67858463525772095,-0.44603458046913147,-0.8950008749961853,0.005129579920321703,0.6974446177482605,7.2332763671875,-1.2876315116882324}})
ldd_3024(array[1]{309},array[1]{0},array[1][12]{{0.60903048515319824,-0.29930785298347473,0.73450440168380737,-0.65584683418273926,0.330738365650177,0.67858457565307617,-0.44603469967842102,-0.89500081539154053,0.0051295962184667587,0.97479581832885742,7.0996661186218262,-0.48287898302078247}})
ldd_50746(array[1]{297},array[1]{0},array[1][12]{{0.44603469967842102,0.89500081539154053,-0.0051295962184667587,-0.65584683418273926,0.330738365650177,0.67858457565307617,0.60903048515319824,-0.29930785298347473,0.73450440168380737,0.48758232593536377,7.339111328125,-1.0704953670501709}})
ldd_3005(array[2]{309,0},array[1]{0},array[1][12]{{-0.60590082406997681,0.30555135011672974,-0.73452210426330566,-0.65584683418273926,0.330738365650177,0.67858457565307617,0.45027750730514526,0.89288848638534546,0,0.76493376493453979,7.2055025100708008,-0.26573875546455383}})
ldd_15444(array[1]{309},array[1]{0},array[1][12]{{0.60590094327926636,-0.3055514395236969,0.73452192544937134,-0.65584695339202881,0.33073845505714417,0.67858457565307617,-0.45027780532836914,-0.89288836717605591,0,0.13531321287155151,7.5230131149291992,0.38570481538772583}})
ldd_22388(array[1]{309},array[1]{0},array[1][12]{{0.450277179479599,0.89288866519927979,0,-0.65584665536880493,0.33073851466178894,0.67858469486236572,0.60590076446533203,-0.30555114150047302,0.73452216386795044,-1.1238976716995239,8.1580257415771484,1.6885993480682373}})
ldd_3070(array[2]{21,0},array[1]{0},array[1][12]{{0,0,-1,0.45027703046798706,0.89288872480392456,0,0.89288890361785889,-0.4502769410610199,0,2.2385220527648926,5.6560215950012207,-0.39998564124107361}})
ldd_3958(array[1]{192},array[1]{0},array[1][12]{{0,0,-1,0.45027697086334229,0.89288872480392456,0,0.89288890361785889,-0.45027688145637512,0,2.0944333076477051,5.3702940940856934,2.0000159740447998}})
ldd_63864(array[1]{21},array[1]{0},array[1][12]{{0.89288890361785889,-0.45027688145637512,0,0.45027697086334229,0.89288872480392456,0,0,0,1,0.095588177442550659,6.7366838455200195,-0.39998555183410645}})
ldd_3070(array[2]{21,0},array[1]{0},array[1][12]{{0,0,-1,0.45027700066566467,0.89288872480392456,0,0.89288890361785889,-0.45027691125869751,0,0.09559207409620285,6.7366828918457031,1.2000129222869873}})
ldd_3069(array[2]{21,0},array[1]{0},array[1][12]{{0.89288890361785889,-0.45027688145637512,0,0.45027697086334229,0.89288872480392456,0,0,0,1,1.5240130424499512,6.0163426399230957,-1.1999962329864502}})
ldd_3070(array[2]{21,0},array[1]{0},array[1][12]{{0,0,-1,0.45027700066566467,0.89288872480392456,0,0.89288890361785889,-0.45027691125869751,0,2.2385220527648926,5.6560225486755371,1.2000128030776978}})
ldd_3794(array[1]{21},array[1]{0},array[1][12]{{0.89288890361785889,-0.45027691125869751,0,0.45027700066566467,0.89288872480392456,0,0,0,1,0.80990231037139893,6.3764615058898926,1.2000129222869873}})
ldd_3069(array[2]{21,0},array[1]{0},array[1][12]{{0.89288890361785889,-0.45027688145637512,0,0.45027697086334229,0.89288872480392456,0,0,0,1,0.095389872789382935,6.7367830276489258,-1.1999962329864502}})
ldd_3069(array[2]{21,0},array[1]{0},array[1][12]{{0.89288890361785889,-0.45027691125869751,0,0.45027700066566467,0.89288872480392456,0,0,0,1,0.095389887690544128,6.7367839813232422,0.4000098705291748}})
ldd_3794(array[1]{21},array[1]{0},array[1][12]{{0.89288890361785889,-0.45027688145637512,0,0.45027697086334229,0.89288872480392456,0,0,0,1,-1.3330388069152832,7.4571285247802734,1.2000130414962769}})
ldd_3069(array[2]{21,0},array[1]{0},array[1][12]{{0.89288890361785889,-0.45027688145637512,0,0.45027697086334229,0.89288872480392456,0,0,0,1,1.5240130424499512,6.0163426399230957,0.40000981092453003}})
ldd_3938(array[1]{192},array[1]{0},array[1][12]{{0,0,-1,0.45027706027030945,0.89288872480392456,0,0.89288890361785889,-0.45027697086334229,0,1.2000157833099365,5.3733606338500977,1.2000129222869873}})
ldd_3069(array[2]{21,0},array[1]{0},array[1][12]{{0.89288890361785889,-0.45027691125869751,0,0.45027700066566467,0.89288872480392456,0,0,0,1,1.524005651473999,6.0163431167602539,2.0000159740447998}})
ldd_3938(array[1]{192},array[1]{0},array[1][12]{{0,0,-1,0.45027706027030945,0.89288872480392456,0,0.89288890361785889,-0.45027697086334229,0,1.2000077962875366,5.3733606338500977,-0.39998558163642883}})
ldd_99781(array[1]{192},array[1]{0},array[1][12]{{-0.89288890361785889,0.45027688145637512,0,0.4502769410610199,0.89288872480392456,0,0,0,-1,1.2360332012176514,5.444791316986084,-1.9999839067459106}})
ldd_63864(array[1]{21},array[1]{0},array[1][12]{{0.89288890361785889,-0.45027688145637512,0,0.45027697086334229,0.89288872480392456,0,0,0,1,-2.0473408699035645,7.8173508644104004,-1.9999839067459106}})
ldd_3794(array[1]{21},array[1]{0},array[1][12]{{0.89288890361785889,-0.45027688145637512,0,0.45027697086334229,0.89288872480392456,0,0,0,1,-1.3330267667770386,7.4571280479431152,-0.39998549222946167}})
ldd_63864(array[1]{21},array[1]{0},array[1][12]{{0.89288890361785889,-0.45027688145637512,0,0.45027697086334229,0.89288872480392456,0,0,0,1,0.8099018931388855,6.3764662742614746,-1.9999840259552002}})
ldd_63864(array[1]{21},array[1]{0},array[1][12]{{0.89288890361785889,-0.45027688145637512,0,0.45027697086334229,0.89288872480392456,0,0,0,1,-2.047344446182251,7.8173489570617676,0.40000995993614197}})
ldd_3070(array[2]{21,0},array[1]{0},array[1][12]{{0,0,-1,0.45027697086334229,0.89288872480392456,0,0.89288890361785889,-0.45027688145637512,0,0.095588184893131256,6.7366824150085449,-1.9999840259552002}})
ldd_99781(array[1]{192},array[1]{0},array[1][12]{{0,0,1,0.45027700066566467,0.89288872480392456,0,-0.89288890361785889,0.45027691125869751,0,-1.6212154626846313,6.885678768157959,0.40000995993614197}})
ldd_3666(array[1]{192},array[1]{0},array[1][12]{{0,0,-1,-0.89288902282714844,0.45027691125869751,0,0.45027700066566467,0.89288884401321411,0,-2.157257080078125,7.0664057731628418,2.0000159740447998}})
ldd_99781(array[1]{192},array[1]{0},array[1][12]{{0,0,1,0.45027700066566467,0.89288872480392456,0,-0.89288890361785889,0.45027691125869751,0,-1.6212117671966553,6.8856782913208008,-1.1999961137771606}})
ldd_6636(array[2]{192,0},array[1]{0},array[1][12]{{0,0,-1,-0.89288890361785889,0.45027688145637512,0,0.45027697086334229,0.89288872480392456,0,-2.4429850578308105,7.2104916572570801,2.0000083446502686}})
ldd_63864(array[1]{21},array[1]{0},array[1][12]{{0.89288890361785889,-0.45027691125869751,0,0.45027700066566467,0.89288872480392456,0,0,0,1,-0.61872470378875732,7.0969038009643555,2.0000159740447998}})
ldd_2436(array[1]{192},array[1]{0},array[1][12]{{-0.89288890361785889,0.45027688145637512,0,0.45027697086334229,0.89288872480392456,0,0,0,-1,-0.90690094232559204,6.525454044342041,-1.9999839067459106}})
ldd_99781(array[1]{192},array[1]{0},array[1][12]{{0.89288890361785889,-0.45027688145637512,0,0.45027697086334229,0.89288872480392456,0,0,0,1,0.52172189950942993,5.8050122261047363,2.0000162124633789}})
ldd_6636(array[2]{192,0},array[1]{0},array[1][12]{{0.89288902282714844,-0.4502769410610199,0,0,0,1,-0.45027697086334229,-0.89288872480392456,0,-2.3715450763702393,7.1744670867919922,2.5600161552429199}})
ldd_2436(array[1]{192},array[1]{0},array[1][12]{{0.89288890361785889,-0.45027688145637512,0,0.45027697086334229,0.89288872480392456,0,0,0,1,-1.6212112903594971,6.8856773376464844,2.0000162124633789}})
ldd_6636(array[2]{192,0},array[1]{0},array[1][12]{{0.89288896322250366,-0.45027679204940796,0,0,0,-1,0.45027685165405273,0.89288878440856934,0,-2.3715450763702393,7.1744675636291504,-2.5599839687347412}})
ldd_3070(array[2]{21,0},array[1]{0},array[1][12]{{0,0,-1,0.45027703046798706,0.89288872480392456,0,0.89288890361785889,-0.4502769410610199,0,-2.0473294258117676,7.817352294921875,-0.39998546242713928}})
ldd_3666(array[1]{192},array[1]{0},array[1][12]{{0,0,-1,0.45027703046798706,0.89288872480392456,0,0.89288890361785889,-0.4502769410610199,0,-2.1914231777191162,7.5316243171691895,2.0000159740447998}})
ldd_3070(array[2]{21,0},array[1]{0},array[1][12]{{0,0,-1,0.45027697086334229,0.89288872480392456,0,0.89288890361785889,-0.45027688145637512,0,-2.0473332405090332,7.8173518180847168,1.2000130414962769}})
ldd_3069(array[2]{21,0},array[1]{0},array[1][12]{{0.89288890361785889,-0.4502769410610199,0,0.45027703046798706,0.89288872480392456,0,0,0,1,-2.0475428104400635,7.8174533843994141,-1.1999961137771606}})
ldd_3069(array[2]{21,0},array[1]{0},array[1][12]{{0.89288890361785889,-0.45027697086334229,0,0.45027706027030945,0.89288872480392456,0,0,0,1,-2.0475423336029053,7.8174538612365723,2.0000159740447998}})
ldd_3069(array[2]{21,0},array[1]{0},array[1][12]{{0.89288890361785889,-0.4502769410610199,0,0.45027703046798706,0.89288872480392456,0,0,0,1,-1.5462992191314697,7.9230647087097168,-0.39997786283493042}})
ldd_3937(array[1]{192},array[1]{0},array[1][12]{{0,0,-1,0,0.99999982118606567,0,1,0,0,1.2000160217285156,4.8133583068847656,-0.39998561143875122}})
ldd_3701(array[1]{192},array[1]{0},array[1][12]{{0,0,-1,0,0.99999982118606567,0,1,0,0,1.2000161409378052,3.8533587455749512,1.2000129222869873}})
ldd_3937(array[1]{192},array[1]{0},array[1][12]{{0,0,-1,0,0.99999982118606567,0,1,0,0,1.2000161409378052,4.8133583068847656,1.2000129222869873}})
ldd_3673(array[1]{192},array[1]{0},array[1][12]{{0,0,1,0,0.99999982118606567,0,-1,0,0,0.80002212524414063,4.4333586692810059,1.5939074728521518E-005}})
ldd_3023(array[1]{208},array[1]{0},array[1][12]{{0,0,-1,0,0.99999982118606567,0,1,0,0,2.8000144958496094,0.65331578254699707,0.40000975131988525}})
ldd_6636(array[2]{192,0},array[1]{0},array[1][12]{{0,0,-1,0,0.99999982118606567,0,1,0,0,2.0000190734863281,4.8133587837219238,2.0000159740447998}})
ldd_3005(array[2]{192,0},array[1]{0},array[1][12]{{0,0,-1,0,0.99999982118606567,0,1,0,0,2.000018835067749,3.8533592224121094,-1.9999840259552002}})
ldd_3701(array[1]{192},array[1]{0},array[1][12]{{0,0,-1,0,0.99999982118606567,0,1,0,0,2.0000190734863281,3.8533589839935303,1.2000205516815186}})
ldd_3005(array[2]{192,0},array[1]{0},array[1][12]{{0,0,-1,0,0.99999982118606567,0,1,0,0,2.0000190734863281,3.8533594608306885,2.0000159740447998}})
ldd_4733(array[1]{192},array[1]{0},array[1][12]{{0,0,-1,0,0.99999982118606567,0,1,0,0,2.000018835067749,2.8933594226837158,-1.9999840259552002}})
ldd_2431(array[2]{192,0},array[1]{0},array[1][12]{{0,-0.99999982118606567,0,0,0,-1,1,0,0,2.000018835067749,4.6533589363098145,-2.3999779224395752}})
ldd_4733(array[1]{192},array[1]{0},array[1][12]{{0,0,-1,0,0.99999982118606567,0,1,0,0,2.0000190734863281,2.8933594226837158,2.0000159740447998}})
ldd_2431(array[2]{192,0},array[1]{0},array[1][12]{{0,-0.99999982118606567,0,0,0,1,-1,0,0,2.0000190734863281,4.6533594131469727,2.4000174999237061}})
ldd_2431(array[2]{192,0},array[1]{0},array[1][12]{{0,-0.99999982118606567,0,1,0,0,0,0,1,2.4000203609466553,3.4533593654632568,-1.9999840259552002}})
ldd_63864(array[1]{192},array[1]{0},array[1][12]{{0,0.99999982118606567,0,0,0,1,1,0,0,2.000018835067749,1.8533592224121094,-1.5999825000762939}})
ldd_3005(array[2]{192,0},array[1]{0},array[1][12]{{0,0,-1,0,0.99999982118606567,0,1,0,0,2.000018835067749,1.9333596229553223,-1.9999840259552002}})
ldd_2431(array[2]{192,0},array[1]{0},array[1][12]{{0,-0.99999982118606567,0,1,0,0,0,0,1,2.4000205993652344,3.4533593654632568,2.0000159740447998}})
ldd_63864(array[1]{192},array[1]{0},array[1][12]{{0,0.99999982118606567,0,0,0,-1,-1,0,0,2.0000190734863281,1.8533592224121094,1.6000144481658936}})
ldd_3005(array[2]{192,0},array[1]{0},array[1][12]{{0,0,-1,0,0.99999982118606567,0,1,0,0,2.0000190734863281,1.9333598613739014,2.0000159740447998}})
ldd_3005(array[2]{192,0},array[1]{0},array[1][12]{{0,0,-1,0,0.99999982118606567,0,1,0,0,2.000018835067749,0.97336006164550781,-1.9999840259552002}})
ldd_3005(array[2]{192,0},array[1]{0},array[1][12]{{0,0,-1,0,0.99999982118606567,0,1,0,0,2.0000190734863281,0.97336030006408691,2.0000159740447998}})
ldd_3460(array[1]{208},array[1]{0},array[1][12]{{0,0,-1,0,0.99999982118606567,0,1,0,0,2.0000190734863281,0.65336012840270996,2.8000113964080811}})
ldd_14719(array[1]{208},array[1]{0},array[1][12]{{-1,0,0,0,0.99999982118606567,0,0,0,-1,2.8000221252441406,0.97336006164550781,-0.39998558163642883}})
ldd_14719(array[1]{208},array[1]{0},array[1][12]{{0,0,-1,0,0.99999982118606567,0,1,0,0,2.0000114440917969,0.97331595420837402,1.2000052928924561}})
ldd_85984(array[2]{208,0},array[1]{0},array[1][12]{{0,0,-1,0,0.99999982118606567,0,1,0,0,2.000018835067749,0.97335982322692871,-2.7999870777130127}})
ldd_85984(array[2]{208,0},array[1]{0},array[1][12]{{0,0,-1,0,0.99999982118606567,0,1,0,0,0.40002048015594482,0.97336006164550781,-2.7999947071075439}})
ldd_4215(array[1]{208},array[1]{0},array[1][12]{{-1,0,0,0,0.99999982118606567,0,0,0,-1,1.2000159025192261,0.97335982322692871,-1.9999992847442627}})
ldd_3034(array[1]{208},array[1]{0},array[1][12]{{0,0,-1,0,0.99999982118606567,0,1,0,0,1.2000313997268677,0.65335994958877563,2.8000037670135498}})
ldd_4215(array[1]{208},array[1]{0},array[1][12]{{1,0,0,0,0.99999982118606567,0,0,0,1,-1.1999778747558594,0.97336125373840332,2.0000007152557373}})
ldd_3068(array[2]{192,0},array[1]{0},array[1][12]{{0,0,-1,0,0.99999982118606567,0,1,0,0,1.2000312805175781,0.97336006164550781,-0.4000084400177002}})
ldd_3068(array[2]{192,0},array[1]{0},array[1][12]{{0,0,-1,0,0.99999982118606567,0,1,0,0,1.2000312805175781,0.97336006164550781,1.1999976634979248}})
ldd_3034(array[1]{208},array[1]{0},array[1][12]{{0,0,-1,0,0.99999982118606567,0,1,0,0,-0.39997473359107971,0.65335994958877563,2.8000037670135498}})
ldd_3068(array[2]{192,0},array[1]{0},array[1][12]{{0,0,-1,0,0.99999982118606567,0,1,0,0,-0.39997479319572449,0.97336006164550781,1.1999977827072144}})
ldd_3068(array[2]{192,0},array[1]{0},array[1][12]{{0,0,-1,0,0.99999982118606567,0,1,0,0,-0.39997488260269165,0.97336006164550781,-0.40000838041305542}})
ldd_85984(array[2]{208,0},array[1]{0},array[1][12]{{0,0,1,0,0.99999982118606567,0,-1,0,0,-0.39997470378875732,0.97335982322692871,2.8000037670135498}})
ldd_85984(array[2]{208,0},array[1]{0},array[1][12]{{0,0,1,0,0.99999982118606567,0,-1,0,0,1.2000161409378052,0.97335982322692871,2.8000190258026123}})
ldd_87087(array[1]{192},array[1]{0},array[1][12]{{-1,0,0,0,0.99999982118606567,0,0,0,-1,1.2000159025192261,3.8533587455749512,-1.9999916553497314}})
ldd_50746(array[1]{208},array[1]{0},array[1][12]{{0,0,-1,0,0.99999982118606567,0,1,0,0,1.2000159025192261,4.8133587837219238,-1.9999916553497314}})
ldd_3069(array[2]{192,0},array[1]{0},array[1][12]{{-1,0,0,0,0,-1,0,-0.99999982118606567,0,1.2002447843551636,4.413358211517334,-2.3999855518341064}})
ldd_87087(array[1]{192},array[1]{0},array[1][12]{{-1,0,0,0,0.99999982118606567,0,0,0,-1,0.40002050995826721,3.8533589839935303,-1.9999916553497314}})
ldd_4286(array[1]{208},array[1]{0},array[1][12]{{0,0,-1,0,0.99999982118606567,0,1,0,0,-1.1999779939651489,5.1333580017089844,-1.9999916553497314}})
ldd_3623(array[1]{208},array[1]{0},array[1][12]{{1,0,0,0,0.99999982118606567,0,0,0,1,-1.1999779939651489,4.8133578300476074,-1.9999916553497314}})
ldd_87087(array[1]{192},array[1]{0},array[1][12]{{-1,0,0,0,0.99999982118606567,0,0,0,-1,-0.39998254179954529,3.8533589839935303,-1.9999916553497314}})
ldd_63864(array[1]{192},array[1]{0},array[1][12]{{1,0,0,0,0,-1,0,0.99999982118606567,0,-1.9999810457229614,4.4133591651916504,-2.3999931812286377}})
ldd_87087(array[1]{192},array[1]{0},array[1][12]{{-1,0,0,0,0.99999982118606567,0,0,0,-1,-1.1999856233596802,3.8533587455749512,-1.9999916553497314}})
ldd_87087(array[1]{192},array[1]{0},array[1][12]{{1,0,0,0,0.99999982118606567,0,0,0,1,0.40002068877220154,3.8533592224121094,2.0000159740447998}})
ldd_4286(array[1]{208},array[1]{0},array[1][12]{{0,0,-1,0,0.99999982118606567,0,1,0,0,-1.1999777555465698,5.1333584785461426,2.0000159740447998}})
ldd_3070(array[2]{208,0},array[1]{0},array[1][12]{{0,0,-1,0,0.99999982118606567,0,1,0,0,-1.1999777555465698,6.0933585166931152,2.0000159740447998}})
ldd_3623(array[1]{208},array[1]{0},array[1][12]{{1,0,0,0,0.99999982118606567,0,0,0,1,-1.1999777555465698,4.8133583068847656,2.0000159740447998}})
ldd_87087(array[1]{192},array[1]{0},array[1][12]{{1,0,0,0,0.99999982118606567,0,0,0,1,-0.39998236298561096,3.8533592224121094,2.0000159740447998}})
ldd_63864(array[1]{192},array[1]{0},array[1][12]{{-1,0,0,0,0,1,0,0.99999982118606567,0,-0.39998233318328857,4.413358211517334,2.4000022411346436}})
ldd_87087(array[1]{192},array[1]{0},array[1][12]{{1,0,0,0,0.99999982118606567,0,0,0,1,-1.1999777555465698,3.8533589839935303,2.0000159740447998}})
ldd_3069(array[2]{192,0},array[1]{0},array[1][12]{{1,0,0,0,0,1,0,-0.99999982118606567,0,0.39979946613311768,4.4133586883544922,2.4000022411346436}})
ldd_87087(array[1]{192},array[1]{0},array[1][12]{{1,0,0,0,0.99999982118606567,0,0,0,1,1.2000161409378052,3.8533587455749512,2.0000159740447998}})
ldd_50746(array[1]{208},array[1]{0},array[1][12]{{0,0,-1,0,0.99999982118606567,0,1,0,0,1.2000164985656738,4.8133587837219238,2.0000174045562744}})
ldd_85984(array[2]{208,0},array[1]{0},array[1][12]{{0,0,-1,0,0.99999982118606567,0,1,0,0,-1.1999779939651489,0.97335982322692871,-2.7999870777130127}})
ldd_85984(array[2]{208,0},array[1]{0},array[1][12]{{1,0,0,0,0.99999982118606567,0,0,0,1,-1.9999885559082031,6.0933594703674316,0.40000995993614197}})
ldd_3666(array[1]{208},array[1]{0},array[1][12]{{0,0,-1,0,0.99999982118606567,0,1,0,0,-1.9999884366989136,5.7733592987060547,2.0000007152557373}})
ldd_3009(array[1]{208},array[1]{0},array[1][12]{{0,0,-1,0,0.99999982118606567,0,1,0,0,-1.9999808073043823,4.8133587837219238,2.0000083446502686}})
ldd_3004(array[4]{192,0,0,0},array[3]{0,0,0},array[1][12]{{0,0,-1,0,0.99999982118606567,0,1,0,0,-1.9999885559082031,3.8533587455749512,0.40000995993614197}})
ldd_4215(array[1]{208},array[1]{0},array[1][12]{{0,0,1,0,0.99999982118606567,0,-1,0,0,-1.9999886751174927,0.97335952520370483,-1.1999884843826294}})
ldd_3034(array[1]{208},array[1]{0},array[1][12]{{0,0,-1,0,0.99999982118606567,0,1,0,0,-1.9999884366989136,0.65335893630981445,2.8000037670135498}})
ldd_85984(array[2]{208,0},array[1]{0},array[1][12]{{-1,0,0,0,0.99999982118606567,0,0,0,-1,-2.7999916076660156,0.97335952520370483,-0.39999306201934814}})
ldd_85984(array[2]{208,0},array[1]{0},array[1][12]{{-1,0,0,0,0.99999982118606567,0,0,0,-1,-2.7999916076660156,0.97335952520370483,1.2000130414962769}})
ldd_3005(array[2]{192,0},array[1]{0},array[1][12]{{0,0,-1,0,0.99999982118606567,0,1,0,0,-1.9999886751174927,3.8533587455749512,-1.9999915361404419}})
ldd_14716(array[1]{208},array[1]{0},array[1][12]{{0,0,-1,0,0.99999982118606567,0,1,0,0,-1.9999886751174927,0.97335952520370483,-1.9999915361404419}})
ldd_3005(array[2]{192,0},array[1]{0},array[1][12]{{0,0,-1,0,0.99999982118606567,0,1,0,0,-1.9999808073043823,3.8533592224121094,2.0000083446502686}})
ldd_14716(array[1]{208},array[1]{0},array[1][12]{{0,0,-1,0,0.99999982118606567,0,1,0,0,-1.9999808073043823,0.97336047887802124,2.0000083446502686}})
ldd_85984(array[2]{208,0},array[1]{0},array[1][12]{{1,0,0,0,0.99999982118606567,0,0,0,1,-1.9999886751174927,6.0933594703674316,-1.1999884843826294}})
ldd_85984(array[2]{208,0},array[1]{0},array[1][12]{{1,0,0,0,0.99999982118606567,0,0,0,1,-1.9999884366989136,6.0933594703674316,2.0000083446502686}})
ldd_85984(array[2]{208,0},array[1]{0},array[1][12]{{-1,0,0,0,0.99999982118606567,0,0,0,-1,-2.7999887466430664,0.97335904836654663,-1.9999960660934448}})
ldd_98138(array[2]{208,0},array[1]{0},array[1][12]{{0,0,-1,0,0.99999982118606567,0,1,0,0,-2.7999882698059082,0.9733588695526123,2.800004243850708}})
ldd_85984(array[2]{208,0},array[1]{0},array[1][12]{{0,0,1,0,0.99999982118606567,0,-1,0,0,-1.9999808073043823,0.97335982322692871,2.8000190258026123}})
ldd_87087(array[1]{192},array[1]{0},array[1][12]{{0,0,1,0,0.99999982118606567,0,-1,0,0,-1.9999809265136719,3.853358268737793,1.2000130414962769}})
ldd_6636(array[2]{192,0},array[1]{0},array[1][12]{{0,0,-1,-1,0,0,0,0.99999982118606567,0,-2.3999824523925781,4.413360595703125,2.0000159740447998}})
ldd_87087(array[1]{192},array[1]{0},array[1][12]{{0,0,1,0,0.99999982118606567,0,-1,0,0,-1.9999809265136719,3.853358268737793,-1.1999808549880981}})
ldd_4274(array[1]{23},array[1]{0},array[1][12]{{0,0,1,0,0.99999982118606567,0,-1,0,0,1.6000251770019531,4.4333586692810059,0.80001896619796753}})
ldd_6636(array[2]{192,0},array[1]{0},array[1][12]{{0,0,-1,1,0,0,0,-0.99999982118606567,0,2.4000205993652344,4.4333586692810059,2.0000159740447998}})
ldd_4274(array[1]{23},array[1]{0},array[1][12]{{0,0,1,0,0.99999982118606567,0,-1,0,0,1.6000251770019531,4.4333586692810059,-0.79998713731765747}})
ldd_63864(array[1]{21},array[1]{0},array[1][12]{{0.89288890361785889,-0.4502769410610199,0,0.45027703046798706,0.89288872480392456,0,0,0,1,0.5968284010887146,6.8423004150390625,1.2000129222869873}})
ldd_98138(array[2]{208,0},array[1]{0},array[1][12]{{0,0,-1,0,0.99999982118606567,0,1,0,0,-2.7999887466430664,0.9733588695526123,-2.7999961376190186}})
ldd_85861(array[1]{40},array[1]{0},array[1][12]{{0,-0.99999982118606567,0,0.7231023907661438,0,-0.69074088335037231,0.69074088335037231,0,0.7231023907661438,-5.2479591369628906,1.053308367729187,0.40420627593994141}})
ldd_3024(array[1]{40},array[1]{0},array[1][12]{{0.69074100255966187,0,0.72310245037078857,0.7231023907661438,0,-0.69074088335037231,0,0.99999982118606567,0,-5.4793543815612793,1.0533124208450317,0.62524455785751343}})
ldd_3024(array[1]{40},array[1]{0},array[1][12]{{0.69074088335037231,0,0.7231023907661438,0.7231023907661438,0,-0.69074088335037231,0,0.99999982118606567,0,-5.7107462882995605,1.0533124208450317,0.84628719091415405}})
ldd_85861(array[1]{40},array[1]{0},array[1][12]{{-0.22921359539031982,0,-0.97337615489959717,0,0.99999982118606567,0,0.97337615489959717,0,-0.22921359539031982,-4.6399955749511719,1.2933157682418823,2.3200082778930664}})
ldd_3024(array[1]{40},array[1]{0},array[1][12]{{0.97337615489959717,0,-0.22921361029148102,0,0.99999982118606567,0,0.22921361029148102,0,0.97337615489959717,-4.6399922370910645,0.97331589460372925,2.3200116157531738}})
ldd_3024(array[1]{40},array[1]{0},array[1][12]{{0.97337615489959717,0,-0.22921361029148102,0,0.99999982118606567,0,0.22921361029148102,0,0.97337615489959717,-4.6399922370910645,0.65331602096557617,2.3200116157531738}})
ldd_3068(array[2]{37,0},array[1]{0},array[1][12]{{0,0,-1,0,0.99999982118606567,0,1,0,0,2.8000109195709229,0.32000860571861267,5.9999914169311523}})
ldd_91405(array[1]{308},array[1]{0},array[1][12]{{0,0,-1,0,0.99999982118606567,0,1,0,0,6.0000081062316895,0,5.9999990463256836}})
ldd_3068(array[2]{28,0},array[1]{0},array[1][12]{{0,0,-1,0,0.99999982118606567,0,1,0,0,6.0000076293945312,0.32000860571861267,1.1999977827072144}})
ldd_3068(array[2]{28,0},array[1]{0},array[1][12]{{0,0,-1,0,0.99999982118606567,0,1,0,0,4.4000091552734375,0.32000860571861267,-0.40000826120376587}})
ldd_3068(array[2]{37,0},array[1]{0},array[1][12]{{0,0,-1,0,0.99999982118606567,0,1,0,0,4.4000086784362793,0.32000860571861267,-5.1999959945678711}})
ldd_3068(array[2]{28,0},array[1]{0},array[1][12]{{0,0,-1,0,0.99999982118606567,0,1,0,0,1.2000043392181396,0.32000860571861267,-3.6000051498413086}})
ldd_3068(array[2]{28,0},array[1]{0},array[1][12]{{0,0,-1,0,0.99999982118606567,0,1,0,0,6.0000076293945312,0.32000860571861267,4.3999910354614258}})
ldd_3068(array[2]{28,0},array[1]{0},array[1][12]{{0,0,-1,0,0.99999982118606567,0,1,0,0,6.000007152557373,0.32000860571861267,-5.2000036239624023}})
ldd_3068(array[2]{37,0},array[1]{0},array[1][12]{{0,0,-1,0,0.99999982118606567,0,1,0,0,4.4000091552734375,0.32000860571861267,-1.9999991655349731}})
ldd_3068(array[2]{37,0},array[1]{0},array[1][12]{{0,0,-1,0,0.99999982118606567,0,1,0,0,6.0000076293945312,0.32000860571861267,2.7999961376190186}})
ldd_3068(array[2]{37,0},array[1]{0},array[1][12]{{0,0,-1,0,0.99999982118606567,0,1,0,0,4.4000091552734375,0.32000860571861267,1.1999977827072144}})
ldd_3068(array[2]{37,0},array[1]{0},array[1][12]{{0,0,-1,0,0.99999982118606567,0,1,0,0,2.8000106811523438,0.32000860571861267,-0.40000820159912109}})
ldd_3068(array[2]{37,0},array[1]{0},array[1][12]{{0,0,-1,0,0.99999982118606567,0,1,0,0,4.4000091552734375,0.32000860571861267,4.3999910354614258}})
ldd_3068(array[2]{28,0},array[1]{0},array[1][12]{{0,0,-1,0,0.99999982118606567,0,1,0,0,6.0000076293945312,0.32000860571861267,-2.0000069141387939}})
ldd_3068(array[2]{28,0},array[1]{0},array[1][12]{{0,0,-1,0,0.99999982118606567,0,1,0,0,4.4000091552734375,0.32000860571861267,5.9999914169311523}})
ldd_3068(array[2]{28,0},array[1]{0},array[1][12]{{0,0,-1,0,0.99999982118606567,0,1,0,0,2.8000106811523438,0.32000860571861267,-2.0000066757202148}})
ldd_3068(array[2]{37,0},array[1]{0},array[1][12]{{0,0,-1,0,0.99999982118606567,0,1,0,0,2.8000104427337646,0.32000860571861267,-3.5999975204467773}})
ldd_3068(array[2]{28,0},array[1]{0},array[1][12]{{0,0,-1,0,0.99999982118606567,0,1,0,0,2.8000106811523438,0.32000860571861267,1.1999979019165039}})
ldd_3068(array[2]{37,0},array[1]{0},array[1][12]{{0,0,-1,0,0.99999982118606567,0,1,0,0,1.2000043392181396,0.32000860571861267,-5.1999959945678711}})
ldd_3068(array[2]{37,0},array[1]{0},array[1][12]{{0,0,-1,0,0.99999982118606567,0,1,0,0,6.0000076293945312,0.32000860571861267,-0.40000835061073303}})
ldd_3068(array[2]{28,0},array[1]{0},array[1][12]{{0,0,-1,0,0.99999982118606567,0,1,0,0,4.4000091552734375,0.32000860571861267,-3.6000051498413086}})
ldd_3068(array[2]{28,0},array[1]{0},array[1][12]{{0,0,-1,0,0.99999982118606567,0,1,0,0,2.8000104427337646,0.32000860571861267,-5.1999959945678711}})
ldd_3068(array[2]{37,0},array[1]{0},array[1][12]{{0,0,-1,0,0.99999982118606567,0,1,0,0,2.8000106811523438,0.32000860571861267,2.7999963760375977}})
ldd_3068(array[2]{28,0},array[1]{0},array[1][12]{{0,0,-1,0,0.99999982118606567,0,1,0,0,2.8000109195709229,0.32000860571861267,4.3999910354614258}})
ldd_3068(array[2]{37,0},array[1]{0},array[1][12]{{0,0,-1,0,0.99999982118606567,0,1,0,0,6.0000076293945312,0.32000860571861267,-3.6000053882598877}})
ldd_3068(array[2]{28,0},array[1]{0},array[1][12]{{0,0,-1,0,0.99999982118606567,0,1,0,0,4.4000091552734375,0.32000860571861267,2.7999963760375977}})
ldd_3068(array[2]{37,0},array[1]{0},array[1][12]{{0,0,-1,0,0.99999982118606567,0,1,0,0,6.0000076293945312,0.32000860571861267,5.9999914169311523}})
ldd_3068(array[2]{28,0},array[1]{0},array[1][12]{{0,0,-1,0,0.99999982118606567,0,1,0,0,1.2000046968460083,0.32000860571861267,2.7999963760375977}})
ldd_3068(array[2]{37,0},array[1]{0},array[1][12]{{0,0,-1,0,0.99999982118606567,0,1,0,0,1.2000046968460083,0.32000860571861267,4.3999910354614258}})
ldd_3068(array[2]{28,0},array[1]{0},array[1][12]{{0,0,-1,0,0.99999982118606567,0,1,0,0,1.2000045776367187,0.32000860571861267,-0.40000814199447632}})
ldd_3068(array[2]{37,0},array[1]{0},array[1][12]{{0,0,-1,0,0.99999982118606567,0,1,0,0,1.2000044584274292,0.32000860571861267,-1.999998927116394}})
ldd_3068(array[2]{28,0},array[1]{0},array[1][12]{{0,0,-1,0,0.99999982118606567,0,1,0,0,1.2000048160552979,0.32000860571861267,5.9999914169311523}})
ldd_3068(array[2]{28,0},array[1]{0},array[1][12]{{0,0,-1,0,0.99999982118606567,0,1,0,0,-0.3999941349029541,0.32000860571861267,-5.1999959945678711}})
ldd_3068(array[2]{37,0},array[1]{0},array[1][12]{{0,0,-1,0,0.99999982118606567,0,1,0,0,1.2000045776367187,0.32000860571861267,1.2000056505203247}})
ldd_3068(array[2]{37,0},array[1]{0},array[1][12]{{0,0,-1,0,0.99999982118606567,0,1,0,0,-1.9999923706054687,0.32000860571861267,1.2000057697296143}})
ldd_3068(array[2]{28,0},array[1]{0},array[1][12]{{0,0,-1,0,0.99999982118606567,0,1,0,0,-5.1999931335449219,0.32000860571861267,2.7999966144561768}})
ldd_3068(array[2]{37,0},array[1]{0},array[1][12]{{0,0,-1,0,0.99999982118606567,0,1,0,0,-1.9999926090240479,0.32000860571861267,-5.1999959945678711}})
ldd_3068(array[2]{28,0},array[1]{0},array[1][12]{{0,0,-1,0,0.99999982118606567,0,1,0,0,-1.9999922513961792,0.32000860571861267,2.7999966144561768}})
ldd_3068(array[2]{37,0},array[1]{0},array[1][12]{{0,0,-1,0,0.99999982118606567,0,1,0,0,-5.1999931335449219,0.32000860571861267,4.3999934196472168}})
ldd_3068(array[2]{28,0},array[1]{0},array[1][12]{{0,0,-1,0,0.99999982118606567,0,1,0,0,-3.5999910831451416,0.32000860571861267,-5.1999955177307129}})
ldd_3068(array[2]{28,0},array[1]{0},array[1][12]{{0,0,-1,0,0.99999982118606567,0,1,0,0,-5.1999964714050293,0.32000860571861267,5.9999995231628418}})
ldd_3068(array[2]{37,0},array[1]{0},array[1][12]{{0,0,-1,0,0.99999982118606567,0,1,0,0,-0.3999936580657959,0.32000860571861267,5.9999990463256836}})
ldd_3068(array[2]{37,0},array[1]{0},array[1][12]{{0,0,-1,0,0.99999982118606567,0,1,0,0,-3.5999906063079834,0.32000860571861267,5.9999995231628418}})
ldd_3068(array[2]{28,0},array[1]{0},array[1][12]{{0,0,-1,0,0.99999982118606567,0,1,0,0,-0.39999386668205261,0.32000860571861267,1.2000056505203247}})
ldd_3068(array[2]{37,0},array[1]{0},array[1][12]{{0,0,-1,0,0.99999982118606567,0,1,0,0,-0.39999380707740784,0.32000860571861267,2.800004243850708}})
ldd_3068(array[2]{28,0},array[1]{0},array[1][12]{{0,0,-1,0,0.99999982118606567,0,1,0,0,-1.9999926090240479,0.32000860571861267,-3.5999972820281982}})
ldd_3068(array[2]{28,0},array[1]{0},array[1][12]{{0,0,-1,0,0.99999982118606567,0,1,0,0,-3.5999908447265625,0.32000860571861267,1.2000057697296143}})
ldd_3068(array[2]{37,0},array[1]{0},array[1][12]{{0,0,-1,0,0.99999982118606567,0,1,0,0,-0.39999407529830933,0.32000860571861267,-3.5999972820281982}})
ldd_3068(array[2]{28,0},array[1]{0},array[1][12]{{0,0,-1,0,0.99999982118606567,0,1,0,0,-0.39999401569366455,0.32000860571861267,-1.999998927116394}})
ldd_3068(array[2]{37,0},array[1]{0},array[1][12]{{0,0,-1,0,0.99999982118606567,0,1,0,0,-1.9999924898147583,0.32000860571861267,-1.9999988079071045}})
ldd_3068(array[2]{37,0},array[1]{0},array[1][12]{{0,0,-1,0,0.99999982118606567,0,1,0,0,-1.9999922513961792,0.32000860571861267,4.4000005722045898}})
ldd_3068(array[2]{37,0},array[1]{0},array[1][12]{{0,0,-1,0,0.99999982118606567,0,1,0,0,-5.1999974250793457,0.32000860571861267,-5.1999955177307129}})
ldd_3068(array[2]{28,0},array[1]{0},array[1][12]{{0,0,-1,0,0.99999982118606567,0,1,0,0,-5.1999969482421875,0.32000860571861267,-3.5999972820281982}})
ldd_3068(array[2]{28,0},array[1]{0},array[1][12]{{0,0,-1,0,0.99999982118606567,0,1,0,0,-0.39999371767044067,0.32000860571861267,4.4000005722045898}})
ldd_3068(array[2]{28,0},array[1]{0},array[1][12]{{0,0,-1,0,0.99999982118606567,0,1,0,0,-1.9999921321868896,0.32000860571861267,5.9999990463256836}})
ldd_3068(array[2]{28,0},array[1]{0},array[1][12]{{0,0,-1,0,0.99999982118606567,0,1,0,0,-3.5999906063079834,0.32000860571861267,4.3999934196472168}})
ldd_3068(array[2]{28,0},array[1]{0},array[1][12]{{0,0,-1,0,0.99999982118606567,0,1,0,0,-3.5999908447265625,0.32000860571861267,-1.9999988079071045}})
ldd_3068(array[2]{37,0},array[1]{0},array[1][12]{{0,0,-1,0,0.99999982118606567,0,1,0,0,-0.39999392628669739,0.32000860571861267,-0.40000042319297791}})
ldd_3068(array[2]{37,0},array[1]{0},array[1][12]{{0,0,-1,0,0.99999982118606567,0,1,0,0,-3.5999910831451416,0.32000860571861267,-3.5999972820281982}})
ldd_3068(array[2]{37,0},array[1]{0},array[1][12]{{0,0,-1,0,0.99999982118606567,0,1,0,0,-3.5999908447265625,0.32000860571861267,2.800004243850708}})
ldd_3068(array[2]{28,0},array[1]{0},array[1][12]{{0,0,-1,0,0.99999982118606567,0,1,0,0,-1.9999923706054687,0.32000860571861267,-0.40000036358833313}})
ldd_3068(array[2]{37,0},array[1]{0},array[1][12]{{0,0,-1,0,0.99999982118606567,0,1,0,0,-5.1999969482421875,0.32000860571861267,-1.9999986886978149}})
ldd_3068(array[2]{28,0},array[1]{0},array[1][12]{{0,0,-1,0,0.99999982118606567,0,1,0,0,-5.1999969482421875,0.32000860571861267,-0.40000021457672119}})
ldd_3068(array[2]{37,0},array[1]{0},array[1][12]{{0,0,-1,0,0.99999982118606567,0,1,0,0,-5.1999931335449219,0.32000860571861267,1.2000058889389038}})
ldd_3068(array[2]{37,0},array[1]{0},array[1][12]{{0,0,-1,0,0.99999982118606567,0,1,0,0,-3.5999922752380371,0.3200000524520874,-0.40000078082084656}})
ldd_3794(array[1]{192},array[1]{0},array[1][12]{{0,-0.92706406116485596,-0.37490257620811462,0,0.37490251660346985,-0.92706423997879028,1,0,0,0.08002077043056488,4.8390827178955078,-3.0860588550567627}})
ldd_3666(array[1]{192},array[1]{0},array[1][12]{{0,0.92706406116485596,0.37490251660346985,0,0.37490245699882507,-0.92706423997879028,-1,0,0,0.080016903579235077,1.0108429193496704,-4.288999080657959}})
ldd_3794(array[1]{192},array[1]{0},array[1][12]{{0,-0.92706406116485596,-0.37490251660346985,0,0.37490245699882507,-0.92706423997879028,1,0,0,0.080016925930976868,3.3557693958282471,-3.6858937740325928}})
ldd_3794(array[1]{192},array[1]{0},array[1][12]{{0,-0.92706406116485596,-0.37490251660346985,0,0.37490245699882507,-0.92706423997879028,1,0,0,0.080009274184703827,1.8724642992019653,-4.2857413291931152}})
ldd_63864(array[1]{38},array[1]{0},array[1][12]{{1,0,0,0,0.37490251660346985,-0.92706423997879028,0,0.92706406116485596,0.37490257620811462,-1.5199776887893677,4.5882248878479004,-3.5326836109161377}})
ldd_3794(array[1]{192},array[1]{0},array[1][12]{{0,-0.92706406116485596,-0.37490257620811462,0,0.37490251660346985,-0.92706423997879028,1,0,0,-1.5199776887893677,4.8390817642211914,-3.0860588550567627}})
ldd_3666(array[1]{192},array[1]{0},array[1][12]{{0,0.92706406116485596,0.37490251660346985,0,0.37490245699882507,-0.92706423997879028,-1,0,0,-1.5199738740921021,1.0108438730239868,-4.2890100479125977}})
ldd_3794(array[1]{192},array[1]{0},array[1][12]{{0,-0.92706406116485596,-0.37490251660346985,0,0.37490245699882507,-0.92706423997879028,1,0,0,-1.5199738740921021,3.3557748794555664,-3.6858985424041748}})
ldd_3794(array[1]{192},array[1]{0},array[1][12]{{0,-0.92706406116485596,-0.37490251660346985,0,0.37490245699882507,-0.92706423997879028,1,0,0,-1.5199815034866333,1.8724679946899414,-4.2857522964477539}})
ldd_63864(array[1]{38},array[1]{0},array[1][12]{{1,0,0,0,0.37490251660346985,-0.92706423997879028,0,0.92706406116485596,0.37490257620811462,-1.5199778079986572,3.1049206256866455,-4.1325216293334961}})
ldd_63864(array[1]{38},array[1]{0},array[1][12]{{1,0,0,0,0.37490251660346985,-0.92706423997879028,0,0.92706406116485596,0.37490257620811462,-1.5199854373931885,1.6216167211532593,-4.7323598861694336}})
ldd_98138(array[2]{221,0},array[1]{0},array[1][12]{{0,0,1,0,0.99999982118606567,0,-1,0,0,4.5153541564941406,0.64002346992492676,4.3029756546020508}})
ldd_3024(array[1]{221},array[1]{0},array[1][12]{{0.99413096904754639,0,0.10818340629339218,0,0.99999982118606567,0,-0.10818340629339218,0,0.99413096904754639,3.1997818946838379,0.64002346992492676,2.7999942302703857}})
ldd_3024(array[1]{221},array[1]{0},array[1][12]{{0.99413096904754639,0,0.10818340629339218,0,0.99999982118606567,0,-0.10818340629339218,0,0.99413096904754639,3.1997818946838379,0.96002548933029175,2.800001859664917}})
ldd_6141(array[1]{40},array[1]{0},array[1][12]{{0.10818342119455338,0,-0.99413096904754639,0,0.99999982118606567,0,0.99413096904754639,0,0.10818342119455338,3.199782133102417,1.2800253629684448,2.8000023365020752}})
ldd_98138(array[2]{221,0},array[1]{0},array[1][12]{{0,0,1,0,0.99999982118606567,0,-1,0,0,3.875347375869751,0.64002346992492676,4.7829866409301758}})
ldd_98138(array[2]{221,0},array[1]{0},array[1][12]{{0,0,1,0,0.99999982118606567,0,-1,0,0,3.7153513431549072,0.64002346992492676,3.9829831123352051}})
ldd_85861(array[1]{208},array[1]{0},array[1][12]{{-0.31044226884841919,0,-0.9505922794342041,-0.92009860277175903,-0.25125318765640259,0.30048367381095886,-0.23883925378322601,0.96792131662368774,0.07799973338842392,3.0219714641571045,2.6491489410400391,4.4166760444641113}})
ldd_15535(array[1]{38},array[1]{0},array[1][12]{{-0.23883926868438721,0.96792125701904297,0.07799956202507019,0.92009860277175903,0.25125318765640259,-0.30048364400863647,-0.31044220924377441,0,-0.9505922794342041,2.404463529586792,2.1011912822723389,4.1975598335266113}})
ldd_2489(array[1]{38},array[1]{0},array[1][12]{{-0.31044220924377441,0,-0.9505922794342041,0.92009860277175903,0.25125321745872498,-0.30048367381095886,0.23883931338787079,-0.96792131662368774,-0.077999599277973175,1.1806596517562866,1.6991860866546631,5.4388084411621094}})
ldd_604547(array[1]{208},array[1]{0},array[1][12]{{0.23883886635303497,-0.96792131662368774,-0.077999450266361237,0.92009866237640381,0.25125277042388916,-0.30048376321792603,0.31044229865074158,0,0.95059233903884888,1.5774143934249878,2.2546823024749756,4.8884320259094238}})
ldd_50746(array[1]{192},array[1]{0},array[1][12]{{-0.95630484819412231,0,0.29237174987792969,0,0.99999982118606567,0,-0.29237174987792969,0,-0.95630484819412231,2.7244467735290527,1.2800235748291016,4.934382438659668}})
