#include "ldd_3068.bin"
#include "ldd_91405.bin"
#include "ldd_6141.bin"
#include "ldd_15535.bin"
#include "ldd_4032.bin"
#include "ldd_3938.bin"
#include "ldd_3021.bin"
#include "ldd_3700.bin"
#include "ldd_50746.bin"
#include "ldd_3710.bin"
#include "ldd_93274.bin"
#include "ldd_3022.bin"
#include "ldd_85984.bin"
#include "ldd_3003.bin"
#include "ldd_3031.bin"
#include "ldd_99207.bin"
#include "ldd_3937.bin"
#include "ldd_3023.bin"
#include "ldd_32064.bin"
#include "ldd_32062.bin"
#include "ldd_4185.bin"
#include "ldd_2815.bin"
#include "ldd_2819.bin"
#include "ldd_30663.bin"
#include "ldd_3005.bin"
#include "ldd_15573.bin"
#include "ldd_2431.bin"
#include "ldd_3010.bin"
#include "ldd_44728.bin"
#include "ldd_3024.bin"
#include "ldd_22388.bin"
#include "ldd_3069.bin"

#declare ldd_model = union {
ldd_6141(array[1]{194},array[1]{0},array[1][12]{{1,0,0,0,0,1,0,-0.99999982118606567,0,-1.6000066995620728,1.4800069332122803,-2.5599899291992187}})
ldd_15535(array[1]{192},array[1]{0},array[1][12]{{-1,0,0,0,0,-1,0,-0.99999982118606567,0,-1.2000072002410889,1.0800068378448486,-1.9199903011322021}})
ldd_4032(array[1]{192},array[1]{0},array[1][12]{{0,-0.99999982118606567,0,0,0,-1,1,0,0,-1.2000072002410889,1.8800071477890015,-1.5999906063079834}})
ldd_4032(array[1]{192},array[1]{0},array[1][12]{{0,-0.99999982118606567,0,0,0,1,-1,0,0,0.39999079704284668,1.8800071477890015,1.6000137329101562}})
ldd_15535(array[1]{192},array[1]{0},array[1][12]{{1,0,0,0,0,1,0,-0.99999982118606567,0,0.39999076724052429,1.0800069570541382,1.920013427734375}})
ldd_6141(array[1]{194},array[1]{0},array[1][12]{{-1,0,0,0,0,-1,0,-0.99999982118606567,0,0.79998838901519775,1.4800069332122803,2.5600051879882813}})
ldd_15535(array[1]{192},array[1]{0},array[1][12]{{1,0,0,0,0,1,0,-0.99999982118606567,0,-2.0000107288360596,1.0800075531005859,1.920013427734375}})
ldd_6141(array[1]{194},array[1]{0},array[1][12]{{-1,0,0,0,0,-1,0,-0.99999982118606567,0,-1.6000112295150757,1.4800074100494385,2.5600054264068604}})
ldd_4032(array[1]{192},array[1]{0},array[1][12]{{0,-0.99999982118606567,0,0,0,1,-1,0,0,-2.0000107288360596,1.8800077438354492,1.6000139713287354}})
ldd_3938(array[1]{194},array[1]{0},array[1][12]{{0,0.99999982118606567,0,0.58813637495040894,0,-0.80876189470291138,-0.80876189470291138,0,-0.58813637495040894,2.31998610496521,1.3000074625015259,-0.402984619140625}})
ldd_3021(array[1]{194},array[1]{0},array[1][12]{{0.8087618350982666,0,0.58813643455505371,0.58813643455505371,0,-0.8087618350982666,0,0.99999982118606567,0,1.9082348346710205,2.1000072956085205,-1.1969988346099854}})
ldd_3700(array[1]{192},array[1]{0},array[1][12]{{-1,0,0,0,0.99999982118606567,0,0,0,-1,-1.2000092267990112,0.90000796318054199,-1.1999969482421875}})
ldd_50746(array[1]{192},array[1]{0},array[1][12]{{-1,0,0,0,0.99999982118606567,0,0,0,-1,-2.0000083446502686,2.1800079345703125,-1.1999968290328979}})
ldd_3710(array[1]{192},array[1]{0},array[1][12]{{0,0,-1,0,0.99999982118606567,0,1,0,0,-2.0000107288360596,1.8600081205368042,1.2000049352645874}})
ldd_50746(array[1]{192},array[1]{0},array[1][12]{{1,0,0,0,0.99999982118606567,0,0,0,1,-2.0000107288360596,2.1800079345703125,1.2000049352645874}})
ldd_93274(array[1]{194},array[1]{0},array[1][12]{{0,0,1,0,0.99999982118606567,0,-1,0,0,-2.0000121593475342,2.1800088882446289,-0.39999330043792725}})
ldd_3022(array[1]{194},array[1]{0},array[1][12]{{0,0,-1,-1,0,0,0,0.99999982118606567,0,-2.5600061416625977,2.1000082492828369,0.40000230073928833}})
ldd_3068(array[2]{194,0},array[1]{0},array[1][12]{{0,-0.99999982118606567,0,-1,0,0,0,0,-1,-2.8800077438354492,2.100008487701416,-0.39999353885650635}})
ldd_85984(array[2]{194,0},array[1]{0},array[1][12]{{0,0,1,-1,0,0,0,-0.99999982118606567,0,-2.5600082874298096,1.3000080585479736,1.2000048160552979}})
ldd_85984(array[2]{194,0},array[1]{0},array[1][12]{{0,0,-1,-1,0,0,0,0.99999982118606567,0,-2.5600078105926514,2.100008487701416,-1.1999965906143188}})
ldd_3003(array[3]{192,0,0},array[2]{0,0},array[1][12]{{-1,0,0,0,0.99999982118606567,0,0,0,-1,-1.200007438659668,0.90000796318054199,-0.39998584985733032}})
ldd_3031(array[1]{192},array[1]{0},array[1][12]{{-1,0,0,0,0.99999982118606567,0,0,0,-1,1.1999886035919189,1.8600085973739624,-1.200003981590271}})
ldd_50746(array[1]{192},array[1]{0},array[1][12]{{-1,0,0,0,0.99999982118606567,0,0,0,-1,0.39999127388000488,2.1800079345703125,-1.2000038623809814}})
ldd_3022(array[1]{192},array[1]{0},array[1][12]{{-1,0,0,0,0.99999982118606567,0,0,0,-1,1.1999884843826294,1.5400079488754272,-0.40000879764556885}})
ldd_3022(array[1]{192},array[1]{0},array[1][12]{{-1,0,0,0,0.99999982118606567,0,0,0,-1,1.1999884843826294,1.2200081348419189,-0.40000879764556885}})
ldd_99207(array[1]{194},array[1]{0},array[1][12]{{0,0,-1,0,0.99999982118606567,0,1,0,0,1.1999883651733398,0.90000796318054199,0.39999431371688843}})
ldd_3937(array[1]{194},array[1]{0},array[1][12]{{0,0.99999982118606567,0,1,0,0,0,0,-1,1.759989857673645,1.3000080585479736,-0.40300711989402771}})
ldd_3937(array[1]{194},array[1]{0},array[1][12]{{0,-0.99999982118606567,0,1,0,0,0,0,1,1.7599895000457764,2.1000077724456787,0.39701119065284729}})
ldd_3023(array[1]{192},array[1]{0},array[1][12]{{0,0,-1,0,0.99999982118606567,0,1,0,0,0.39999106526374817,0.90000796318054199,0.40000197291374207}})
ldd_50746(array[1]{192},array[1]{0},array[1][12]{{1,0,0,0,0.99999982118606567,0,0,0,1,-0.40000829100608826,2.1800079345703125,1.1999975442886353}})
ldd_3021(array[1]{192},array[1]{0},array[1][12]{{-1,0,0,0,0.99999982118606567,0,0,0,-1,0.39999115467071533,2.1800076961517334,-0.39999344944953918}})
ldd_3068(array[2]{199,0},array[1]{0},array[1][12]{{-1,0,0,0,0.99999982118606567,0,0,0,-1,-0.40000820159912109,2.5000076293945313,-0.40000113844871521}})
ldd_3023(array[1]{192},array[1]{0},array[1][12]{{0,0,-1,0,0.99999982118606567,0,1,0,0,0.39999106526374817,2.5000076293945313,0.40000197291374207}})
ldd_3710(array[1]{26},array[1]{0},array[1][12]{{0,0,1,0,0.99999982118606567,0,-1,0,0,0.39999127388000488,2.8200078010559082,-1.1999964714050293}})
ldd_3710(array[1]{26},array[1]{0},array[1][12]{{0,0,1,0,0.99999982118606567,0,-1,0,0,0.39999127388000488,3.140007495880127,-1.1999964714050293}})
ldd_32064(array[1]{26},array[1]{0},array[1][12]{{0,0,1,0,0.99999982118606567,0,-1,0,0,0.39999115467071533,3.460007905960083,-0.39999344944953918}})
ldd_32062(array[1]{26},array[1]{0},array[1][12]{{0,0,-1,0,0.99999982118606567,0,1,0,0,1.7599879503250122,4.0400071144104004,0}})
ldd_4185(array[1]{24},array[1]{0},array[1][12]{{0,0,-1,0,0.99999982118606567,0,1,0,0,1.199992299079895,4.0400066375732422,0}})
ldd_2815(array[1]{24},array[1]{0},array[1][12]{{0,0,-1,0,0.99999982118606567,0,1,0,0,1.1999865770339966,4.0400075912475586,0}})
ldd_2819(array[1]{24},array[1]{0},array[1][12]{{0,0.99999982118606567,0,1,0,0,0,0,-1,0.95998865365982056,4.0400075912475586,0}})
ldd_6141(array[1]{24},array[1]{0},array[1][12]{{0,0.99999982118606567,0,1,0,0,0,0,-1,1.9199877977371216,4.040008544921875,0}})
ldd_30663(array[1]{24},array[1]{0},array[1][12]{{0,0,1,1,0,0,0,0.99999982118606567,0,2.2399892807006836,4.0400075912475586,0}})
ldd_3710(array[1]{26},array[1]{0},array[1][12]{{0,0,-1,0,0.99999982118606567,0,1,0,0,0.39999094605445862,4.420008659362793,1.1999974250793457}})
ldd_3005(array[2]{26,0},array[1]{0},array[1][12]{{1,0,0,0,0.99999982118606567,0,0,0,1,0.39999094605445862,3.460007905960083,1.200005054473877}})
ldd_3005(array[2]{26,0},array[1]{0},array[1][12]{{1,0,0,0,0.99999982118606567,0,0,0,1,0.39999127388000488,3.460007905960083,-1.1999965906143188}})
ldd_50746(array[1]{26},array[1]{0},array[1][12]{{-1,0,0,0,0.99999982118606567,0,0,0,-1,0.39999127388000488,4.7400088310241699,-1.1999964714050293}})
ldd_50746(array[1]{26},array[1]{0},array[1][12]{{1,0,0,0,0.99999982118606567,0,0,0,1,0.39999094605445862,4.7400088310241699,1.200005054473877}})
ldd_3023(array[1]{26},array[1]{0},array[1][12]{{0,0,1,0,0.99999982118606567,0,-1,0,0,0.39999115467071533,4.7400074005126953,-0.39999344944953918}})
ldd_15573(array[2]{26,0},array[1]{0},array[1][12]{{0,0,1,0,0.99999982118606567,0,-1,0,0,0.39999115467071533,5.0600080490112305,-0.40022233128547668}})
ldd_50746(array[1]{192},array[1]{0},array[1][12]{{-1,0,0,0,0.99999982118606567,0,0,0,-1,-0.40000796318054199,2.1800076961517334,-1.1999963521957397}})
ldd_50746(array[1]{192},array[1]{0},array[1][12]{{1,0,0,0,0.99999982118606567,0,0,0,1,0.39999094605445862,2.1800079345703125,1.1999974250793457}})
ldd_2431(array[2]{192,0},array[1]{0},array[1][12]{{0,0,-1,0,0.99999982118606567,0,1,0,0,1.1999882459640503,2.1800076961517334,1.1999975442886353}})
ldd_3010(array[3]{192,0,0},array[2]{0,0},array[1][12]{{0,0,-1,0,0.99999982118606567,0,1,0,0,-0.40000841021537781,0.90000700950622559,1.2000049352645874}})
ldd_3700(array[1]{192},array[1]{0},array[1][12]{{-1,0,0,0,0.99999982118606567,0,0,0,-1,1.1999886035919189,0.90000796318054199,-1.2000042200088501}})
ldd_50746(array[1]{192},array[1]{0},array[1][12]{{-1,0,0,0,0.99999982118606567,0,0,0,-1,-1.2000092267990112,2.1800076961517334,-1.1999962329864502}})
ldd_3700(array[1]{192},array[1]{0},array[1][12]{{-1,0,0,0,0.99999982118606567,0,0,0,-1,1.1999880075454712,0.90000796318054199,1.1999973058700562}})
ldd_50746(array[1]{192},array[1]{0},array[1][12]{{1,0,0,0,0.99999982118606567,0,0,0,1,-1.2000095844268799,2.1800076961517334,1.2000126838684082}})
ldd_3023(array[1]{26},array[1]{0},array[1][12]{{0,0,-1,0,0.99999982118606567,0,1,0,0,-2.0000085830688477,4.7400093078613281,0.400002121925354}})
ldd_15573(array[2]{26,0},array[1]{0},array[1][12]{{0,0,-1,0,0.99999982118606567,0,1,0,0,-2.0000066757202148,5.0600090026855469,0.40022313594818115}})
ldd_44728(array[1]{26},array[1]{0},array[1][12]{{0,0,1,0,0.99999982118606567,0,-1,0,0,-2.0000123977661133,4.420008659362793,-0.40000879764556885}})
ldd_32064(array[1]{26},array[1]{0},array[1][12]{{0,0,-1,0,0.99999982118606567,0,1,0,0,-2.0000085830688477,3.4600098133087158,0.4000018835067749}})
ldd_3710(array[1]{26},array[1]{0},array[1][12]{{0,0,1,0,0.99999982118606567,0,-1,0,0,-2.0000121593475342,3.1400094032287598,-1.2000042200088501}})
ldd_3710(array[1]{26},array[1]{0},array[1][12]{{0,0,1,0,0.99999982118606567,0,-1,0,0,-2.0000102519989014,2.8200101852416992,-1.2000042200088501}})
ldd_3005(array[2]{26,0},array[1]{0},array[1][12]{{-1,0,0,0,0.99999982118606567,0,0,0,-1,-2.000004768371582,3.4600110054016113,1.199989914894104}})
ldd_3024(array[1]{26},array[1]{0},array[1][12]{{0,0,-1,0,0.99999982118606567,0,1,0,0,-2.000004768371582,4.420011043548584,1.199989914894104}})
ldd_50746(array[1]{26},array[1]{0},array[1][12]{{1,0,0,0,0.99999982118606567,0,0,0,1,-2.0000069141387939,4.7400107383728027,1.1999973058700562}})
ldd_3005(array[2]{26,0},array[1]{0},array[1][12]{{-1,0,0,0,0.99999982118606567,0,0,0,-1,-2.0000102519989014,3.460010290145874,-1.2000118494033813}})
ldd_3024(array[1]{26},array[1]{0},array[1][12]{{0,0,-1,0,0.99999982118606567,0,1,0,0,-2.0000102519989014,4.4200100898742676,-1.2000118494033813}})
ldd_50746(array[1]{26},array[1]{0},array[1][12]{{-1,0,0,0,0.99999982118606567,0,0,0,-1,-2.0000064373016357,4.7400107383728027,-1.2000042200088501}})
ldd_3068(array[2]{26,0},array[1]{0},array[1][12]{{0,-0.99999982118606567,0,-1,0,0,0,0,-1,-2.5600137710571289,4.3400087356567383,-0.39699512720108032}})
ldd_3023(array[1]{192},array[1]{0},array[1][12]{{0,0,-1,0,0.99999982118606567,0,1,0,0,-2.0000121593475342,2.5000088214874268,0.4000018835067749}})
ldd_3700(array[1]{192},array[1]{0},array[1][12]{{-1,0,0,0,0.99999982118606567,0,0,0,-1,-1.2000076770782471,0.90000796318054199,1.2000048160552979}})
ldd_2431(array[2]{26,0},array[1]{0},array[1][12]{{-1,0,0,0,0.99999982118606567,0,0,0,-1,0.39998909831047058,5.3800101280212402,-0.00022104263189248741}})
ldd_3938(array[1]{194},array[1]{0},array[1][12]{{0,-0.99999982118606567,0,0.58806657791137695,0,0.80881237983703613,-0.80881237983703613,0,0.58806657791137695,2.3199951648712158,2.1000068187713623,0.39701080322265625}})
ldd_3021(array[1]{194},array[1]{0},array[1][12]{{-0.80881243944168091,0,0.58806693553924561,0.58806693553924561,0,0.80881243944168091,0,0.99999982118606567,0,3.202272891998291,2.1000070571899414,0.25007617473602295}})
ldd_22388(array[1]{194},array[1]{0},array[1][12]{{-0.80881237983703613,0,0.58806693553924561,0.58806693553924561,0,0.80881237983703613,0,0.99999982118606567,0,2.7434051036834717,1.3000073432922363,0.97934722900390625}})
ldd_22388(array[1]{208},array[1]{0},array[1][12]{{0,0.99999982118606567,0,0.58806693553924561,0,0.80881237983703613,0.80881237983703613,0,-0.58806693553924561,2.0963523387908936,1.3000073432922363,1.4498062133789063}})
ldd_22388(array[1]{194},array[1]{0},array[1][12]{{-0.80881237983703613,0,0.58806693553924561,0.58806693553924561,0,0.80881237983703613,0,0.99999982118606567,0,3.3904552459716797,2.1000068187713623,0.50890350341796875}})
ldd_22388(array[1]{208},array[1]{0},array[1][12]{{0,0.99999982118606567,0,0.58806693553924561,0,0.80881237983703613,0.80881237983703613,0,-0.58806693553924561,2.7434051036834717,2.1000068187713623,0.97934722900390625}})
ldd_22388(array[1]{194},array[1]{0},array[1][12]{{-0.80881237983703613,0,0.58806693553924561,0.58806693553924561,0,0.80881237983703613,0,0.99999982118606567,0,2.0963561534881592,2.1000068187713623,1.4498062133789063}})
ldd_22388(array[1]{208},array[1]{0},array[1][12]{{0,0.99999982118606567,0,0.58806687593460083,0,0.80881232023239136,0.80881232023239136,0,-0.58806687593460083,3.3904552459716797,1.3000072240829468,0.5088958740234375}})
ldd_22388(array[1]{194},array[1]{0},array[1][12]{{0.80876177549362183,0,0.58813637495040894,0.58813637495040894,0,-0.80876177549362183,0,0.99999982118606567,0,2.0964405536651611,2.1000072956085205,-1.4558029174804688}})
ldd_22388(array[1]{194},array[1]{0},array[1][12]{{0.8087618350982666,0,0.58813643455505371,0.58813643455505371,0,-0.8087618350982666,0,0.99999982118606567,0,3.3904590606689453,2.1000072956085205,-0.5147857666015625}})
ldd_22388(array[1]{194},array[1]{0},array[1][12]{{0.80876177549362183,0,0.58813637495040894,0.58813637495040894,0,-0.80876177549362183,0,0.99999982118606567,0,2.7434511184692383,1.3000078201293945,-0.98529815673828125}})
ldd_22388(array[1]{208},array[1]{0},array[1][12]{{0,0.99999982118606567,0,0.58813637495040894,0,-0.80876177549362183,-0.80876177549362183,0,-0.58813637495040894,2.0964405536651611,1.3000078201293945,-1.4558029174804688}})
ldd_22388(array[1]{208},array[1]{0},array[1][12]{{0,0.99999982118606567,0,0.58813637495040894,0,-0.80876177549362183,-0.80876177549362183,0,-0.58813637495040894,2.7434473037719727,2.1000072956085205,-0.98529815673828125}})
ldd_22388(array[1]{208},array[1]{0},array[1][12]{{0,0.99999982118606567,0,0.58813637495040894,0,-0.80876177549362183,-0.80876177549362183,0,-0.58813637495040894,3.3904590606689453,1.3000085353851318,-0.5147857666015625}})
ldd_44728(array[1]{21},array[1]{0},array[1][12]{{1,0,0,0,0.99999982118606567,0,0,0,1,-1.200007438659668,4.420006275177002,0.40001678466796875}})
ldd_3069(array[2]{21,0},array[1]{0},array[1][12]{{0,0.99999982118606567,0,0,0,1,1,0,0,-0.39700806140899658,3.5397837162017822,0.96001452207565308}})
ldd_3069(array[2]{21,0},array[1]{0},array[1][12]{{0,0.99999982118606567,0,0,0,1,1,0,0,-1.1970072984695435,3.5397837162017822,0.96001452207565308}})
ldd_32064(array[1]{21},array[1]{0},array[1][12]{{0,0,-1,0,0.99999982118606567,0,1,0,0,-1.200007438659668,3.4600069522857666,0.40001693367958069}})
ldd_3022(array[1]{21},array[1]{0},array[1][12]{{-1,0,0,0,0.99999982118606567,0,0,0,-1,-0.40000432729721069,3.1400067806243896,-0.39998593926429749}})
ldd_32064(array[1]{21},array[1]{0},array[1][12]{{0,0,-1,0,0.99999982118606567,0,1,0,0,-0.40000444650650024,3.4600067138671875,0.40001708269119263}})
ldd_44728(array[1]{21},array[1]{0},array[1][12]{{-1,0,0,0,0.99999982118606567,0,0,0,-1,-0.40000814199447632,4.4200072288513184,-0.39999371767044067}})
ldd_3069(array[2]{21,0},array[1]{0},array[1][12]{{0,0.99999982118606567,0,0,0,-1,-1,0,0,-0.40300643444061279,3.539783239364624,-0.95999884605407715}})
ldd_3069(array[2]{21,0},array[1]{0},array[1][12]{{0,0.99999982118606567,0,0,0,-1,-1,0,0,-1.2030094861984253,3.5397837162017822,-0.95999884605407715}})
ldd_3069(array[2]{21,0},array[1]{0},array[1][12]{{0,0,1,0,0.99999982118606567,0,-1,0,0,-1.200007438659668,4.7400069236755371,-0.40021497011184692}})
ldd_3069(array[2]{21,0},array[1]{0},array[1][12]{{0,0,1,0,0.99999982118606567,0,-1,0,0,-0.40000814199447632,4.7400069236755371,-0.40021497011184692}})
ldd_4032(array[1]{192},array[1]{0},array[1][12]{{0,-0.99999982118606567,0,0,0,-1,1,0,0,1.1999943256378174,1.8800071477890015,-1.5999908447265625}})
ldd_15535(array[1]{192},array[1]{0},array[1][12]{{-1,0,0,0,0,-1,0,-0.99999982118606567,0,1.1999962329864502,1.0800065994262695,-1.9199906587600708}})
ldd_6141(array[1]{194},array[1]{0},array[1][12]{{1,0,0,0,0,1,0,-0.99999982118606567,0,0.79999673366546631,1.4800069332122803,-2.5599901676177979}})
}
